86|45.58
33|99.09
50|20.07
86|48.04
54|57.10
90|71.72
30|11.70
30|59.76
22|80.79
3|24.31
58|82.28
74|55.18
92|16.90
56|39.87
37|19.47
33|74.78
50|15.77
79|15.54
83|35.12
32|72.73
87|63.66
33|48.70
65|74.57
44|15.59
53|79.83
72|54.17
93|92.65
94|92.86
38|86.36
51|41.33
11|62.61
40|43.00
94|52.73
30|89.36
84|27.77
83|3.620
8|83.57
37|78.45
2|72.24
29|39.75
7|22.99
19|0.564
10|34.62
79|57.78
61|28.58
59|91.84
87|32.58
23|3.678
14|87.68
11|59.22
59|9.257
57|95.34
41|29.15
39|11.80
30|37.43
85|7.164
80|16.31
67|18.86
68|55.06
10|67.46
30|78.21
79|41.13
76|67.51
62|53.95
82|59.64
46|28.24
88|12.32
18|81.70
10|58.43
40|10.72
25|31.88
21|39.07
21|77.15
9|36.83
60|25.37
9|3.583
13|96.45
63|26.33
63|13.55
19|97.12
61|25.76
31|25.20
94|85.99
78|95.28
37|49.52
93|95.20
72|44.76
65|77.59
38|35.04
78|91.53
82|48.81
41|41.95
94|16.29
77|61.52
84|97.49
62|57.17
50|81.94
3|23.66
56|61.24
94|6.510
80|64.72
50|98.21
54|82.63
99|73.21
35|65.58
41|65.13
9|34.55
82|74.72
98|64.90
37|47.02
49|82.08
94|14.60
12|35.17
97|98.08
38|86.07
40|28.37
44|38.34
73|85.65
33|20.85
64|57.07
2|54.02
91|12.77
18|3.049
19|57.91
26|54.68
34|54.21
84|7.357
57|29.56
32|48.61
22|62.09
22|68.61
80|75.80
42|12.81
84|42.25
60|61.05
3|43.80
37|70.67
2|85.48
60|95.16
99|47.80
60|21.41
10|62.59
33|13.90
50|39.03
19|58.66
73|47.64
83|48.02
69|37.90
10|20.62
27|36.97
54|92.43
81|42.53
42|12.30
36|77.81
75|66.71
90|60.79
29|33.91
85|40.10
14|16.70
9|36.86
90|53.58
33|12.66
87|87.63
81|79.25
70|63.75
33|85.30
84|72.30
52|80.15
25|5.377
37|86.08
55|40.54
61|81.87
64|27.73
28|20.58
81|7.643
54|55.02
4|58.50
16|91.56
3|83.21
73|63.54
51|21.15
21|17.78
34|44.03
18|38.16
39|97.08
25|90.21
25|57.70
55|47.97
71|21.37
39|85.19
73|66.93
88|72.66
98|59.19
30|44.91
89|4.846
99|51.44
18|8.657
73|77.22
36|13.86
96|45.47
85|16.71
11|47.97
73|59.60
83|70.30
74|79.57
28|97.24
99|24.72
93|53.69
14|79.15
20|75.58
94|12.25
68|33.26
9|61.67
63|61.78
10|24.57
96|93.02
8|2.198
19|69.45
54|82.76
40|18.99
46|22.76
35|72.86
66|45.74
24|78.63
75|16.21
11|15.41
55|39.78
51|57.13
60|75.08
40|27.58
48|91.35
28|51.20
10|11.18
55|88.02
75|82.14
1|40.91
44|71.01
49|61.96
69|51.63
76|97.03
15|43.31
47|21.02
79|98.08
43|81.02
22|65.20
26|74.15
26|21.00
72|11.00
96|91.01
88|28.90
21|68.56
15|64.51
1|38.05
27|42.77
69|60.46
75|29.72
60|24.09
98|60.72
76|47.00
12|3.367
7|44.95
86|60.23
5|35.85
55|25.09
54|11.11
33|91.03
59|18.80
1|74.13
57|57.67
29|3.430
83|21.16
91|81.83
93|91.61
85|39.95
92|85.71
54|24.81
50|39.19
33|82.85
33|82.60
97|34.86
93|72.38
68|91.01
42|69.37
35|16.56
16|54.93
92|75.34
21|3.427
8|85.20
79|49.85
99|19.05
16|28.89
69|23.79
50|62.18
62|79.86
32|62.62
33|9.917
63|35.35
57|76.25
2|1.390
33|96.95
84|69.62
12|87.61
63|49.19
17|68.92
19|17.53
89|95.55
56|59.07
69|84.10
81|46.93
8|51.79
73|29.45
93|33.83
60|15.41
47|63.74
92|97.67
26|10.32
71|51.68
51|6.224
77|2.082
10|57.18
29|65.77
53|12.77
49|22.10
32|9.779
58|9.795
1|76.52
4|62.52
11|20.93
57|42.39
73|77.88
73|6.438
80|97.76
11|44.03
90|79.05
48|43.79
92|87.60
98|13.04
51|92.72
11|66.24
33|32.84
83|59.78
21|74.70
15|44.52
63|66.38
50|60.18
44|41.27
59|0.129
6|39.28
20|43.70
48|33.81
36|82.62
47|21.79
65|3.539
61|0.932
21|13.61
51|7.873
51|51.96
89|30.00
8|3.102
97|23.75
33|29.91
47|15.34
18|46.04
37|1.972
78|51.20
86|13.87
41|43.06
93|61.79
58|37.78
36|30.73
21|48.32
59|6.919
51|50.71
82|41.54
16|97.11
78|63.78
49|81.18
5|64.61
59|27.34
53|65.14
58|16.92
74|90.36
31|90.88
47|8.586
67|66.24
14|95.18
74|17.10
41|1.907
50|24.23
69|32.94
22|36.29
62|42.92
61|86.60
99|71.06
47|39.49
48|83.90
97|25.08
52|22.15
87|54.29
33|33.22
6|90.07
26|4.939
50|25.11
20|63.12
43|24.25
81|66.76
13|24.13
32|41.89
32|66.19
91|92.60
35|33.47
31|85.31
64|39.32
85|22.38
76|89.09
39|15.89
48|56.06
11|61.01
31|66.32
40|9.295
78|40.49
11|70.94
84|82.35
3|14.28
33|70.07
39|21.39
39|47.69
63|9.348
2|79.10
7|35.51
91|56.97
92|32.79
42|29.32
62|90.77
68|35.07
10|76.43
48|6.557
87|62.59
47|18.82
10|71.17
39|71.15
65|77.71
88|12.13
84|83.30
11|70.52
84|19.57
15|62.00
7|26.74
5|84.68
11|26.31
67|1.015
79|0.812
4|71.73
48|44.22
10|97.30
94|61.54
6|51.73
49|72.14
77|35.64
50|80.60
37|39.92
48|99.31
75|66.37
21|19.05
47|97.79
27|59.12
96|23.66
4|61.15
56|2.708
73|47.85
25|20.43
89|8.768
11|59.77
1|29.28
62|33.92
64|29.75
99|99.41
7|85.25
34|12.65
77|39.89
52|8.633
18|55.54
46|68.26
59|34.14
43|18.22
70|38.15
86|61.09
97|83.18
82|81.44
63|19.45
65|6.781
79|42.38
9|69.43
61|89.15
98|26.87
26|38.71
13|24.96
48|58.27
92|5.518
36|96.14
74|28.38
44|58.66
40|94.88
48|92.95
6|86.62
40|65.09
29|75.25
16|54.62
18|23.21
26|32.94
34|27.38
5|28.90
38|75.29
47|98.30
55|68.22
57|83.16
65|23.10
45|17.34
80|57.61
67|29.45
45|20.07
93|44.10
68|96.92
80|98.44
38|68.27
94|58.64
87|42.90
76|74.02
40|37.33
19|44.15
52|10.81
87|76.04
87|69.51
37|39.76
53|34.57
67|69.46
86|93.66
60|40.28
99|67.14
17|67.72
30|0.009
59|53.71
74|84.13
30|77.50
23|92.46
83|5.382
70|43.17
43|72.43
8|30.81
76|19.41
9|26.09
47|78.20
98|37.13
22|97.67
97|17.12
86|15.67
93|89.74
63|93.09
12|33.05
36|53.00
68|4.923
63|96.85
7|62.40
89|67.54
35|84.82
22|1.776
68|3.275
86|27.52
96|64.08
32|14.67
18|76.49
17|28.95
68|99.25
54|68.94
86|54.31
39|63.21
24|82.51
57|77.99
1|45.57
5|64.23
40|70.35
62|71.64
62|26.98
6|18.60
21|54.66
53|72.24
84|2.716
25|15.81
93|64.43
95|9.665
1|81.88
95|97.48
16|43.82
20|87.15
65|12.34
25|53.39
61|68.72
40|14.61
21|28.13
35|86.38
33|97.06
91|80.00
1|73.20
4|64.84
19|28.62
58|63.10
52|97.49
98|65.05
96|55.06
75|29.03
1|55.47
26|79.20
19|48.23
65|97.04
75|60.58
10|35.89
20|53.17
9|38.49
71|34.31
50|59.89
78|70.02
87|83.45
35|11.26
50|87.65
89|72.82
78|66.71
58|43.84
49|38.18
18|32.13
62|53.96
5|61.71
31|59.37
93|44.01
33|88.48
6|88.66
58|71.09
5|57.20
2|66.27
86|78.83
76|20.83
11|68.67
6|26.53
77|6.862
74|28.01
5|29.69
23|93.61
1|59.74
28|14.30
65|5.012
57|16.79
4|64.00
27|5.446
6|36.81
83|50.99
56|79.85
64|41.71
62|23.11
33|58.14
57|87.26
53|80.12
30|4.454
76|91.38
79|94.09
65|8.486
79|67.69
61|14.08
47|51.72
46|27.99
11|92.03
66|65.41
91|51.54
41|58.27
82|88.21
88|58.73
59|93.95
46|14.15
56|63.19
72|98.75
72|86.36
38|70.39
56|4.519
97|5.461
96|66.81
4|34.49
44|97.85
11|89.48
48|40.39
96|81.06
53|19.54
6|85.73
88|59.96
81|58.03
98|89.52
38|87.93
43|91.50
70|17.23
5|31.41
87|48.63
85|33.38
99|79.99
3|60.49
34|67.90
6|82.27
82|54.51
47|92.38
66|83.24
49|19.91
46|91.87
36|40.10
22|58.34
25|94.97
41|57.55
90|90.86
22|49.40
20|27.07
91|24.58
80|73.71
63|57.61
75|70.05
60|33.77
47|52.86
14|74.72
63|69.94
77|21.20
29|10.38
89|94.00
31|36.44
37|78.63
68|46.10
8|63.70
8|10.10
23|73.81
88|47.71
12|21.82
1|9.608
10|88.05
83|87.48
38|53.16
85|48.07
30|20.67
44|96.81
26|35.41
75|53.13
73|83.57
16|15.60
25|29.62
25|60.42
40|34.76
66|69.85
76|50.89
81|13.64
69|38.23
44|24.30
28|0.609
6|39.79
69|8.889
83|3.792
60|83.90
49|48.78
74|83.50
88|73.03
60|46.82
94|77.18
79|69.46
38|39.71
55|52.29
53|94.04
9|21.07
33|21.23
32|93.72
42|10.97
28|68.69
14|6.325
89|33.26
84|69.92
75|61.20
74|29.27
47|63.18
62|48.22
53|56.86
19|89.08
4|72.45
40|65.24
68|24.16
63|50.89
76|10.78
27|83.15
1|57.34
2|38.67
93|82.10
44|56.85
39|47.68
60|96.11
17|32.49
73|58.32
75|84.22
92|95.20
46|24.98
92|99.55
8|87.64
60|62.13
7|57.97
12|62.86
48|14.25
4|63.68
51|89.78
29|94.97
3|33.64
11|33.46
7|96.44
91|84.04
78|64.95
86|46.25
14|27.06
50|81.90
7|71.51
56|0.267
95|79.10
12|15.64
94|9.441
5|97.86
7|14.16
43|64.18
99|80.58
0|88.85
50|10.49
70|13.25
14|21.58
37|76.96
97|18.34
44|22.03
11|87.58
87|80.24
43|6.553
2|4.176
53|49.13
54|22.10
28|1.868
77|56.38
58|63.96
18|91.20
66|58.38
70|33.87
11|10.79
71|38.64
54|53.48
78|35.73
13|33.89
61|61.22
73|64.84
21|69.66
7|91.75
40|93.84
27|65.77
81|1.425
13|44.70
45|35.05
33|80.38
90|58.02
2|91.03
36|82.91
35|75.21
11|9.787
0|68.01
0|78.85
59|46.21
71|26.43
86|84.13
29|36.69
89|97.05
59|75.15
8|46.89
3|15.48
23|40.62
29|23.28
9|13.17
19|2.936
76|56.94
54|73.53
57|55.53
62|44.71
40|73.71
41|50.26
52|36.33
29|8.328
47|17.70
51|99.25
28|21.29
87|16.11
11|3.371
3|88.27
84|65.86
19|10.95
33|97.23
27|10.38
66|10.24
83|53.24
85|13.71
87|17.62
90|67.64
37|91.35
14|98.35
72|7.770
51|62.60
32|10.44
86|50.10
37|80.64
88|56.43
23|15.91
53|51.63
36|57.10
58|54.16
36|11.19
51|41.25
27|44.04
69|14.85
3|55.66
54|92.04
39|16.43
33|22.55
18|39.79
19|37.49
64|79.54
61|66.31
30|86.19
31|41.84
59|41.45
92|83.09
95|27.20
47|24.04
90|69.02
20|9.142
83|22.04
46|19.24
22|26.19
46|14.09
50|39.12
99|65.13
71|62.36
88|49.82
82|24.11
3|86.51
95|16.01
75|59.74
15|92.65
42|1.348
81|58.83
68|44.10
69|52.11
51|34.17
99|29.42
10|87.56
40|40.73
55|46.99
87|94.72
1|42.92
48|76.32
3|60.66
86|20.28
27|30.73
7|65.06
11|8.933
9|47.18
18|70.58
88|7.663
16|76.31
91|42.24
58|70.32
87|81.50
22|82.62
3|51.98
2|47.76
10|34.59
16|52.51
59|0.131
4|4.883
54|58.69
65|34.64
93|16.77
73|64.15
12|32.00
36|55.70
63|76.62
82|46.38
80|77.00
68|40.48
76|43.33
88|29.74
31|98.08
94|56.13
71|55.58
50|17.38
74|82.23
5|29.87
44|84.13
31|92.52
80|67.01
70|69.87
9|29.14
82|81.40
53|70.66
51|84.46
63|51.18
65|33.22
93|53.46
37|24.90
20|0.567
6|75.71
39|9.890
51|91.03
15|51.51
96|95.42
52|46.26
13|78.85
51|67.25
14|18.61
65|18.14
39|54.32
47|40.97
69|68.51
91|0.141
76|82.11
89|11.99
2|65.80
2|10.40
7|95.06
54|15.19
67|56.05
50|21.12
57|6.296
77|46.79
18|3.531
70|45.71
58|14.97
71|76.80
44|96.14
50|62.78
69|36.14
91|63.41
80|53.76
57|84.53
83|1.719
69|92.82
86|46.26
31|35.36
66|98.38
26|40.75
48|8.518
11|88.60
30|40.74
43|32.18
31|21.81
24|6.524
62|27.75
87|97.85
62|63.25
80|22.56
62|71.80
87|55.15
4|37.91
88|43.00
87|47.61
87|47.54
35|91.98
17|2.492
18|78.39
33|91.30
86|7.042
97|33.08
66|87.25
10|54.62
62|43.03
81|99.17
7|25.31
96|11.77
80|41.69
30|71.13
89|70.87
12|93.84
71|4.720
51|71.98
61|18.40
60|78.27
22|66.69
31|2.635
63|84.65
61|30.36
73|97.28
86|8.739
7|79.83
15|70.12
76|17.43
83|13.78
76|18.63
73|14.00
42|49.27
39|34.46
29|52.35
85|39.56
81|64.17
68|37.02
25|86.79
54|95.04
42|18.46
30|84.80
49|60.42
72|28.24
14|21.18
5|40.29
79|98.70
36|88.95
15|15.25
88|39.68
57|90.92
78|20.48
18|15.67
86|49.34
85|0.759
43|59.77
37|79.10
45|17.62
79|43.34
40|7.531
89|4.198
56|21.40
68|75.82
54|58.85
73|44.64
75|18.64
43|94.45
83|7.014
67|94.74
44|8.780
41|88.16
21|81.69
45|0.027
74|18.42
35|96.39
34|43.21
68|24.02
99|51.23
68|9.070
41|8.388
64|86.19
84|59.31
70|36.19
6|93.42
60|56.89
37|47.26
33|68.24
11|50.91
16|21.75
77|20.82
50|5.901
39|18.93
50|4.630
16|92.32
32|76.96
82|5.159
62|86.99
28|31.92
19|99.45
61|39.66
48|73.13
9|89.47
73|26.13
58|3.570
44|73.65
15|90.39
80|16.83
2|9.826
44|28.20
25|82.36
37|38.49
34|50.11
22|80.46
37|6.581
39|37.84
21|16.47
77|73.12
69|30.27
78|35.90
9|61.82
38|3.424
87|58.07
92|22.05
5|83.93
23|78.24
89|81.06
49|96.42
22|0.956
84|20.33
48|32.21
68|43.87
48|98.49
6|39.40
91|30.70
44|15.35
47|17.74
70|6.886
88|99.31
84|26.76
0|55.14
95|81.43
52|46.35
87|43.69
93|16.15
97|11.47
69|3.048
71|55.93
50|77.50
31|76.70
72|26.96
56|35.54
7|71.78
30|56.46
24|4.206
99|19.23
37|99.65
10|64.62
63|98.37
48|7.445
19|9.704
64|40.10
72|27.77
97|54.80
69|23.76
59|97.45
23|67.18
1|65.01
80|54.57
39|17.66
48|78.52
6|56.94
26|39.78
64|9.992
48|18.61
63|64.33
96|57.62
98|94.22
74|84.45
94|20.79
29|38.27
2|9.107
90|52.00
28|52.21
64|59.86
65|21.70
99|35.80
4|72.30
76|27.63
31|99.15
67|74.58
58|69.17
84|47.62
19|77.19
65|29.28
73|91.30
61|40.69
58|35.89
64|14.17
19|82.17
19|96.67
99|21.00
42|30.50
48|73.71
85|47.75
31|89.87
65|65.99
25|0.284
33|56.06
2|39.30
67|88.01
94|47.69
1|35.37
46|30.16
74|53.26
90|62.87
92|84.26
13|76.51
3|52.91
93|82.75
31|32.25
69|94.24
29|3.692
6|63.17
40|47.20
63|85.95
92|70.56
18|70.66
95|15.11
89|61.99
67|38.16
77|5.163
91|16.38
22|67.01
51|29.19
14|50.53
13|7.025
14|99.38
21|26.53
78|62.22
9|58.20
13|88.68
51|46.18
80|96.66
70|93.69
46|83.09
67|58.28
90|11.30
90|69.28
4|45.43
10|18.48
38|5.616
83|38.98
75|13.34
10|81.71
52|76.91
95|51.37
30|27.83
48|37.73
40|36.03
6|80.29
43|91.67
10|45.44
13|89.38
58|9.332
14|92.73
45|55.96
17|79.82
38|6.159
16|14.20
13|15.30
75|63.76
94|36.05
18|27.32
19|64.18
7|98.13
55|0.081
49|74.51
21|34.51
34|11.53
48|79.14
95|21.47
48|33.78
97|67.61
71|76.64
33|22.02
17|39.25
22|48.89
40|29.30
81|15.96
33|39.82
47|31.39
55|65.50
33|77.37
23|93.75
91|82.33
45|27.35
82|57.19
84|63.73
9|17.59
75|26.60
12|74.85
13|30.65
37|45.55
38|1.408
71|19.41
17|22.01
50|10.84
59|54.50
55|87.04
82|55.45
59|41.75
16|86.71
62|99.79
44|56.51
23|35.13
36|57.90
67|61.70
16|82.31
37|30.43
96|2.500
65|82.19
99|31.54
5|25.49
84|52.32
37|81.54
61|12.33
71|26.86
98|7.840
42|35.25
48|85.07
69|97.85
92|15.45
42|31.50
72|37.97
98|94.87
22|79.22
60|23.14
92|68.96
43|72.09
42|36.54
2|22.38
53|46.06
55|47.14
79|84.13
69|75.98
56|16.61
3|10.12
31|63.07
22|54.68
9|88.59
34|78.28
75|34.12
36|98.26
65|9.159
51|41.30
35|7.467
81|6.755
64|85.93
7|78.80
92|58.75
67|16.59
1|50.90
28|73.20
95|37.51
48|94.58
85|19.70
53|59.50
56|80.49
68|66.81
89|10.36
32|6.687
34|87.03
62|82.56
90|86.95
65|56.21
84|26.83
71|85.63
49|47.91
33|29.90
79|77.71
40|18.81
89|56.68
42|99.42
37|15.27
30|9.703
83|55.64
78|79.65
84|73.21
81|73.74
94|34.06
46|89.12
4|93.70
14|1.546
36|74.96
80|28.77
37|98.73
3|34.82
20|98.61
14|84.46
20|59.19
7|57.57
16|97.00
0|94.55
88|92.21
19|93.99
42|50.27
19|30.40
57|58.51
44|17.35
88|69.48
90|84.66
16|13.93
56|5.938
76|56.70
17|40.59
21|97.50
9|16.32
41|56.13
36|52.79
48|70.89
9|26.38
73|35.26
96|77.03
74|69.33
59|4.946
78|58.20
72|62.96
73|36.55
54|3.613
52|33.74
66|82.37
78|66.08
51|79.52
98|76.20
91|98.04
9|93.93
91|62.80
12|5.978
39|96.43
11|2.042
5|24.96
93|96.27
47|5.290
3|83.29
49|29.44
32|14.71
66|51.61
4|4.225
12|87.33
13|38.31
72|26.48
42|30.03
27|93.16
52|64.85
34|73.23
96|16.38
60|78.36
7|99.99
17|25.75
4|44.18
41|39.44
48|96.73
46|30.50
25|98.38
75|38.18
54|0.609
84|79.76
64|9.431
20|59.66
1|49.62
19|52.79
16|56.84
89|15.28
91|67.36
32|24.59
18|32.60
54|13.64
67|74.27
18|16.03
87|71.25
40|49.28
24|75.15
56|35.50
31|99.18
44|70.13
44|59.37
2|89.09
62|45.68
25|50.53
39|66.59
89|10.30
25|78.38
6|85.87
79|33.52
27|9.621
78|76.70
58|51.50
63|69.07
71|38.16
42|20.48
60|63.50
56|50.94
90|54.33
34|5.034
35|86.90
69|26.72
84|76.68
4|74.26
46|8.149
43|6.732
53|84.68
29|11.40
67|95.15
32|43.98
54|81.93
73|78.98
47|28.52
36|39.71
30|16.94
74|87.92
56|3.035
2|68.02
88|89.66
49|6.164
11|39.76
15|93.71
54|3.596
71|98.28
95|49.52
63|64.50
67|22.20
65|31.73
4|80.90
44|81.03
48|36.96
13|22.43
96|75.80
66|62.06
89|10.85
78|87.73
19|36.49
94|60.88
27|73.62
19|8.281
92|9.689
97|73.77
8|46.06
53|98.19
70|75.40
15|1.687
8|42.68
97|66.22
13|35.02
99|70.87
50|42.24
98|69.38
13|8.935
70|39.41
12|91.53
5|64.76
73|40.51
9|32.16
25|70.81
81|78.80
97|34.77
37|42.67
99|60.33
75|38.77
74|99.10
4|21.03
26|53.57
57|88.79
89|78.33
94|50.36
47|14.95
60|69.44
18|84.17
56|50.94
61|62.36
48|32.87
56|64.05
12|15.30
56|3.886
38|81.08
72|93.50
78|83.73
71|54.31
64|12.26
57|9.917
69|9.182
63|15.26
11|84.07
49|42.76
75|36.53
42|47.71
9|22.93
31|37.79
87|61.80
69|10.46
24|54.06
88|80.60
31|8.661
85|59.34
37|18.48
93|32.80
40|65.88
25|2.097
53|83.61
25|15.13
3|56.69
5|69.13
28|84.63
95|67.52
62|7.066
86|85.55
80|57.36
3|59.36
70|79.86
88|48.04
36|13.05
45|95.45
76|61.12
97|64.44
54|25.36
58|27.93
39|92.86
3|49.17
22|53.10
62|19.30
29|78.72
96|15.62
35|47.92
60|56.88
71|58.65
43|2.129
15|18.40
92|48.27
48|4.096
56|21.11
4|4.882
9|61.64
52|68.43
44|52.70
31|25.97
87|14.87
83|24.31
46|25.54
96|91.86
25|74.93
62|58.00
21|44.98
52|67.06
63|96.63
27|11.73
59|28.06
14|77.73
94|2.882
42|49.91
3|23.06
79|36.72
47|29.07
99|2.684
82|93.59
14|29.26
38|65.46
68|24.55
10|16.46
32|72.70
7|2.516
16|25.18
71|54.71
29|73.93
65|7.090
89|86.28
65|52.14
99|34.33
18|69.95
99|94.50
48|69.88
4|52.41
36|52.70
0|53.30
97|64.54
39|67.59
37|46.63
67|34.37
53|68.78
41|24.55
43|11.20
4|34.71
62|87.18
1|89.37
21|91.54
97|27.84
95|83.92
12|92.56
67|41.25
28|69.03
78|64.00
66|61.74
53|6.071
41|98.23
24|85.30
90|54.38
55|88.17
13|52.76
14|23.96
85|95.32
7|52.12
95|94.07
10|48.28
13|7.497
62|8.845
83|5.588
59|16.77
41|97.53
92|64.48
44|1.066
84|81.88
19|50.49
91|35.02
86|80.04
7|13.20
66|99.85
42|4.555
23|5.544
27|23.91
81|48.49
66|52.87
0|0.785
81|8.162
7|3.460
9|97.78
29|84.99
71|28.20
73|79.67
92|79.46
32|48.38
54|51.27
19|50.33
15|75.99
35|52.62
43|86.91
70|62.05
52|62.46
17|39.66
98|42.39
21|9.396
53|54.99
31|12.52
29|44.34
13|36.93
27|35.71
11|44.35
62|65.52
67|78.07
3|39.44
72|1.780
8|3.775
28|91.29
68|7.672
22|80.66
52|52.58
5|58.78
44|32.95
93|25.24
66|89.18
86|88.03
94|20.38
22|17.00
28|95.90
23|54.68
53|28.10
32|4.379
58|73.11
78|30.74
77|72.04
67|50.84
20|44.52
83|33.79
66|63.51
51|11.19
41|22.40
23|81.15
27|76.93
80|49.93
8|17.30
91|27.91
59|84.82
67|24.95
64|14.84
23|75.17
4|42.58
51|89.46
49|76.87
55|82.22
15|31.45
68|65.51
97|37.74
38|86.94
10|55.28
21|72.67
29|0.576
90|82.55
3|53.96
22|4.257
6|8.587
58|58.25
55|61.23
10|0.929
58|54.98
75|79.09
66|40.40
60|26.79
7|22.99
36|78.85
1|24.06
62|46.62
74|10.22
55|1.513
55|40.36
48|17.62
62|96.60
57|64.73
87|51.94
51|85.07
4|54.72
56|44.91
78|55.56
52|3.394
17|78.84
46|67.87
2|40.14
3|63.89
4|55.89
45|69.52
69|27.98
50|25.86
68|56.65
74|57.19
87|31.54
38|65.53
88|7.332
87|30.34
11|24.40
3|2.888
77|35.88
1|51.65
50|27.32
49|40.90
26|37.85
68|75.43
42|71.13
81|58.11
21|11.66
17|72.38
56|86.45
19|50.88
10|56.67
29|92.63
86|89.58
72|0.790
11|41.57
69|81.80
30|78.01
94|13.62
98|56.43
35|8.217
72|2.899
11|77.54
48|79.74
46|71.05
0|56.90
51|30.70
62|53.93
89|5.863
68|13.14
54|74.83
90|18.75
9|95.47
10|69.48
77|17.85
82|93.02
43|57.40
97|79.44
44|28.08
59|22.11
60|82.97
88|81.28
86|71.21
86|74.27
85|1.347
29|85.48
32|81.09
34|55.10
26|54.16
75|1.929
54|91.17
67|84.71
76|4.467
13|80.78
53|50.00
66|86.31
34|10.38
4|95.42
30|71.66
96|87.99
88|5.203
64|51.35
49|65.89
94|73.44
85|83.15
78|19.05
14|90.15
69|74.35
20|5.565
13|79.62
9|7.078
34|83.27
45|7.687
27|75.72
88|48.65
74|32.74
61|69.41
87|73.97
57|33.62
31|15.14
48|42.43
0|39.69
6|29.92
66|6.830
53|64.37
50|10.22
7|88.63
82|87.87
99|45.56
85|91.69
29|81.94
13|56.21
39|22.90
46|56.52
32|35.96
97|52.02
5|17.66
36|28.40
88|41.99
12|63.52
77|46.53
49|39.26
1|89.29
40|12.53
1|70.28
95|6.002
86|59.80
82|4.704
36|43.27
20|52.23
90|25.79
60|69.53
22|88.18
31|82.23
39|70.77
88|76.44
97|52.46
22|80.37
55|60.70
95|43.47
38|98.62
13|78.13
66|74.68
42|35.83
16|13.88
74|23.72
4|93.22
84|76.47
17|3.665
44|75.11
55|33.80
3|28.49
81|57.96
77|93.53
42|15.40
72|31.19
9|13.59
25|54.58
31|47.06
66|70.98
66|45.94
8|37.70
69|24.78
27|22.42
18|65.50
90|56.04
74|22.06
24|74.63
46|2.036
96|2.397
14|57.31
95|64.68
29|40.49
39|2.022
81|69.71
26|64.54
28|94.46
87|17.11
55|40.16
12|71.08
50|90.62
53|16.05
87|87.94
71|17.90
9|77.17
10|5.918
24|82.32
14|60.61
60|42.11
67|29.49
50|91.66
70|58.93
59|95.98
37|85.03
7|72.10
34|79.10
73|69.61
34|95.97
23|17.12
9|26.92
56|29.27
88|39.97
56|64.70
13|40.57
26|84.45
96|65.41
47|92.77
33|79.54
23|25.59
9|84.82
71|63.12
45|9.748
59|14.35
89|96.00
99|75.34
72|63.93
78|48.49
69|64.37
94|93.99
5|48.04
92|83.58
76|92.39
98|70.90
20|81.68
52|88.28
49|46.98
49|19.69
8|76.59
63|91.14
95|36.23
58|9.879
70|42.51
91|56.49
55|33.70
25|86.19
37|69.40
66|42.45
99|72.24
87|22.59
88|32.28
95|11.46
64|46.59
86|43.62
67|38.08
89|80.84
49|39.46
69|82.51
75|41.12
37|45.98
85|41.54
1|32.54
62|24.02
46|98.76
44|20.33
77|80.10
96|77.55
37|5.079
60|29.51
44|30.49
20|31.14
46|40.86
29|35.68
45|97.89
88|83.05
97|38.06
31|74.17
10|9.055
52|37.50
11|9.623
35|47.72
32|73.04
81|79.59
90|99.03
75|1.160
18|56.41
23|76.05
74|70.86
16|44.79
73|43.46
9|14.90
87|81.17
52|57.14
12|41.16
23|97.25
77|12.63
71|43.72
76|63.42
59|20.26
93|82.63
98|88.53
9|69.15
37|4.279
2|58.17
53|21.14
15|93.42
79|73.28
15|31.94
62|60.88
66|90.03
97|31.93
63|65.76
68|22.41
10|59.92
92|6.058
15|54.74
79|61.75
87|36.05
92|95.70
69|19.42
74|34.71
76|28.16
77|42.96
96|18.62
11|3.514
3|64.14
0|20.70
20|67.52
90|22.87
52|31.04
97|7.742
12|20.70
47|35.85
73|3.987
29|47.83
85|75.86
80|68.48
31|63.24
69|98.33
88|91.97
86|66.88
81|4.275
85|30.36
18|33.47
9|59.61
60|63.46
65|28.66
13|34.38
74|67.80
31|36.60
33|9.780
42|76.96
50|71.23
93|12.28
65|35.13
14|88.18
85|35.94
29|42.13
95|79.48
86|29.49
33|87.77
58|35.91
39|73.38
69|7.692
34|0.290
40|41.55
4|93.85
42|73.97
93|33.89
6|29.67
22|34.31
12|96.52
74|51.93
93|44.90
13|73.68
38|58.10
4|84.26
46|57.03
47|35.16
34|74.85
68|12.34
10|45.91
44|8.639
71|68.09
99|81.93
88|45.87
89|59.91
67|6.498
28|10.78
47|38.81
51|3.004
49|96.86
63|10.03
57|70.48
26|50.53
30|49.70
75|25.75
4|95.96
59|7.508
99|50.36
54|94.41
26|77.84
5|49.38
76|78.20
63|10.47
80|31.53
81|31.35
93|34.79
31|79.51
44|95.35
50|99.42
27|61.47
37|40.35
25|7.750
61|36.05
71|97.96
7|88.88
47|87.95
58|23.57
46|92.15
23|19.56
39|45.29
99|18.96
27|96.15
32|57.88
92|91.54
28|36.44
61|9.701
89|42.26
5|78.64
9|83.31
75|55.56
7|12.03
77|14.41
83|40.69
72|79.04
13|10.14
25|45.44
76|14.81
70|52.38
12|43.26
53|47.46
99|69.36
60|93.76
80|13.35
15|66.23
0|47.02
59|53.42
68|9.687
11|33.70
21|40.49
51|6.676
31|90.55
84|25.59
12|48.85
38|52.58
21|99.85
8|2.745
86|46.77
20|72.06
19|89.88
0|27.26
6|17.67
51|17.82
59|99.16
26|72.97
69|2.560
23|86.62
45|69.80
92|63.88
54|85.57
16|99.43
40|38.03
0|83.92
73|60.92
2|23.29
96|59.09
27|90.64
31|14.87
33|39.56
27|11.11
85|91.50
0|92.40
91|82.22
94|93.87
45|23.48
20|91.31
89|27.41
20|21.62
93|59.97
94|63.93
29|54.17
1|52.89
60|68.16
15|87.62
99|28.19
60|3.943
67|30.45
67|36.14
1|38.66
61|68.18
42|97.46
47|56.95
11|45.88
91|41.71
6|68.95
13|90.43
26|66.67
53|70.79
71|84.33
70|2.980
73|27.74
78|80.14
76|47.01
57|47.91
44|89.51
36|13.06
23|50.67
93|86.01
10|43.33
8|87.07
20|59.81
93|84.82
39|30.11
98|95.61
79|24.28
20|83.79
40|3.893
7|34.12
27|22.30
11|85.33
12|21.86
94|13.33
62|39.35
59|11.38
13|95.02
48|50.68
63|11.65
17|8.724
5|38.07
28|89.14
3|67.85
92|54.75
20|44.23
9|49.01
54|70.84
73|94.43
14|66.25
81|98.22
48|33.06
8|15.51
22|54.98
57|45.85
84|81.35
1|59.74
41|97.07
31|25.12
17|50.23
43|83.78
15|7.326
47|42.73
69|51.70
57|98.01
62|94.41
76|98.62
20|60.35
85|66.95
91|72.03
46|86.55
83|11.00
72|29.91
15|22.96
54|84.25
70|51.04
88|88.77
99|21.69
60|18.09
79|63.90
99|5.705
31|51.47
26|60.05
77|76.02
1|86.88
84|89.71
42|91.39
98|78.18
52|33.04
55|99.51
33|57.39
84|20.62
76|4.079
28|30.99
44|68.14
82|47.08
1|58.42
80|87.66
51|18.40
29|22.53
63|91.13
9|73.59
5|76.83
7|73.81
33|91.90
31|72.41
37|30.80
10|71.48
42|56.33
33|99.61
15|40.24
58|23.39
70|47.26
19|18.54
37|59.30
38|93.61
14|27.76
96|14.61
0|53.29
53|31.70
11|35.23
23|29.54
70|2.741
97|92.37
8|90.10
50|2.668
3|28.69
73|45.45
31|40.12
5|34.99
84|8.069
65|28.99
27|94.05
65|36.18
29|58.79
68|11.04
21|91.18
25|81.20
89|90.40
52|90.24
6|32.14
60|80.39
53|96.54
55|89.99
70|48.77
88|74.16
54|16.41
22|83.97
73|28.87
12|97.47
66|13.59
76|35.41
37|97.95
86|27.29
31|15.24
72|92.92
1|32.65
18|81.74
33|72.04
25|83.82
89|96.58
61|30.86
95|48.38
47|92.13
80|67.18
62|23.18
47|25.98
0|17.22
81|10.57
61|56.40
89|58.15
99|83.24
30|66.14
52|59.56
31|12.48
59|11.65
77|93.42
19|48.87
49|56.76
97|22.94
68|58.54
96|29.06
65|81.72
21|49.41
43|68.51
30|12.79
98|2.242
53|13.39
37|23.28
39|51.16
37|25.38
27|45.97
91|14.85
74|55.78
5|89.09
9|6.174
39|35.92
13|49.14
81|30.18
51|99.04
27|69.32
57|93.44
86|32.53
5|77.36
95|93.76
11|20.69
42|39.83
54|59.24
84|48.85
90|24.79
48|52.11
17|29.28
88|65.21
19|42.42
51|35.60
33|77.26
17|87.24
2|12.02
37|91.95
49|11.64
28|89.68
82|61.23
7|83.69
52|38.46
79|85.79
72|85.21
12|43.02
70|3.352
64|22.45
81|88.74
92|44.71
94|73.28
84|93.38
98|71.47
98|75.05
23|93.36
89|98.50
79|45.08
70|38.10
28|95.57
56|87.34
61|30.37
80|90.13
5|26.89
10|15.13
91|65.48
27|50.44
88|0.771
94|83.25
39|64.50
70|75.48
94|39.71
80|51.09
17|71.63
46|71.50
71|83.83
51|72.27
55|77.43
80|49.99
7|26.82
40|88.32
43|22.86
44|64.26
86|64.05
39|44.27
96|97.15
75|67.82
22|37.47
91|90.50
62|75.61
95|84.94
36|15.79
30|43.40
86|3.432
71|62.26
12|62.23
22|62.62
51|78.89
16|74.51
6|99.74
0|15.70
17|80.35
36|82.43
27|35.40
93|29.50
22|65.15
74|55.32
0|72.91
73|56.97
87|79.42
36|15.35
33|14.60
91|53.42
82|37.57
70|68.82
92|68.37
8|51.56
88|60.77
21|54.58
28|77.37
81|14.61
59|31.33
43|12.68
66|80.60
23|13.81
79|20.55
7|86.02
10|83.74
81|63.24
49|63.52
41|6.012
34|15.84
46|48.83
14|76.80
39|83.10
96|19.93
51|65.94
22|59.98
4|3.984
37|58.31
40|42.99
53|42.78
72|31.63
60|86.31
46|38.86
58|62.74
34|29.42
14|44.78
53|5.474
91|45.46
76|45.32
38|2.939
39|50.57
50|8.489
56|76.69
42|32.42
92|94.86
67|53.02
39|74.24
15|67.24
75|15.41
36|45.66
51|95.05
62|49.44
87|57.60
16|5.374
16|42.77
74|38.92
50|17.18
40|61.70
95|45.53
96|76.17
3|70.11
97|8.817
70|82.81
4|63.16
51|77.64
50|94.23
0|2.832
64|36.07
4|51.32
17|64.25
1|89.23
3|71.55
64|94.93
7|78.85
90|46.01
69|31.33
35|4.109
82|21.13
93|46.40
19|58.88
93|74.43
12|70.95
21|49.60
81|26.36
42|18.88
98|77.73
40|30.16
60|76.03
81|61.64
92|60.42
45|51.65
70|95.11
62|65.31
62|51.73
81|22.14
92|28.14
75|81.35
37|11.85
91|61.66
45|21.26
5|66.90
89|45.34
64|92.10
28|41.90
79|68.61
92|67.78
57|7.724
92|51.70
74|3.628
10|51.52
91|71.57
51|67.75
66|79.03
71|31.84
88|44.70
15|9.955
26|80.49
34|21.17
66|64.62
11|63.76
34|57.24
9|36.41
96|85.12
43|68.32
85|69.86
80|21.89
72|78.02
45|21.02
41|44.50
60|67.91
6|83.12
34|0.070
75|6.546
97|37.51
12|7.860
17|40.14
79|29.51
14|51.69
6|82.12
81|48.11
3|1.084
36|0.680
61|94.21
46|39.38
35|30.82
87|57.10
94|73.47
27|95.36
16|26.86
7|95.02
83|97.73
67|45.13
82|95.69
25|94.93
4|72.40
78|10.36
28|5.835
44|41.69
33|4.360
71|37.28
14|67.05
24|20.89
72|51.24
21|73.48
50|30.33
83|70.68
61|99.26
3|72.86
28|36.79
36|5.760
29|19.23
18|21.08
66|55.35
52|66.20
75|7.650
16|31.81
99|27.04
57|72.28
29|81.18
63|74.59
28|14.23
73|96.84
32|49.78
74|47.03
1|75.18
63|58.08
92|23.92
69|99.87
30|78.85
17|12.33
79|71.97
86|59.90
80|77.57
9|26.70
18|35.18
59|34.67
15|32.84
13|47.03
16|26.62
50|56.04
41|19.89
17|13.27
74|92.39
98|91.14
34|54.02
92|29.64
58|13.60
18|5.793
88|61.39
83|7.876
48|95.77
44|76.97
46|77.08
34|14.69
40|42.68
34|59.22
20|80.37
56|89.56
73|76.85
32|2.131
46|53.83
38|65.15
33|43.85
84|10.76
60|8.803
2|48.49
78|10.51
77|63.90
43|25.92
32|35.99
52|42.78
88|88.22
81|74.42
64|13.22
5|91.52
20|1.309
65|78.59
10|32.13
18|13.30
17|18.14
12|63.07
37|60.90
89|96.96
9|85.55
98|30.14
29|17.77
76|4.769
5|34.87
66|40.03
11|94.58
78|28.86
50|79.38
66|1.647
45|10.02
54|94.25
54|61.57
41|63.41
75|56.07
38|96.74
5|43.96
52|66.63
1|90.01
31|6.903
18|98.38
92|71.49
75|76.77
36|66.90
99|12.12
79|60.06
25|70.17
80|88.93
51|74.40
66|1.036
95|94.88
19|57.36
73|97.12
44|93.64
93|47.78
84|93.15
17|88.11
28|52.66
41|65.26
61|29.27
95|47.00
8|60.52
84|45.24
88|71.31
52|85.76
48|88.47
6|41.60
76|71.17
71|54.51
37|26.59
31|19.75
88|23.89
22|90.92
36|24.63
51|99.65
40|11.26
49|56.49
72|25.16
69|37.73
8|9.666
40|65.97
43|58.27
22|7.846
78|85.57
25|0.094
33|16.02
68|66.53
46|63.56
52|30.98
28|59.00
63|75.32
62|92.84
5|55.12
5|23.41
30|66.15
59|0.206
16|92.63
0|2.625
48|25.37
73|4.965
93|60.35
98|22.77
21|60.15
70|98.44
1|74.23
5|15.30
24|32.04
73|39.57
17|2.725
90|8.223
42|11.23
86|57.90
54|4.168
74|27.96
82|73.35
48|62.97
93|42.94
62|2.198
64|31.46
13|0.677
63|92.35
20|64.28
82|10.36
1|80.41
78|99.19
73|80.65
42|35.61
64|49.90
25|77.26
96|45.89
8|8.243
78|33.77
87|81.23
21|8.362
15|42.74
6|78.18
38|13.13
75|71.94
30|32.50
17|84.13
61|60.99
50|64.16
33|91.31
43|82.43
18|18.07
14|31.79
41|54.64
85|7.738
98|17.67
9|88.18
52|27.86
95|11.92
92|15.20
18|69.97
95|41.84
82|71.08
77|51.81
35|81.08
57|25.03
70|68.05
77|57.14
61|44.33
56|88.30
92|77.55
36|19.87
21|53.56
51|36.49
52|3.660
98|51.28
55|17.12
13|33.63
15|93.80
53|36.72
70|45.58
68|93.61
62|0.143
37|97.84
60|83.32
90|0.531
22|82.81
93|2.258
99|53.82
75|63.79
69|39.08
1|69.69
62|97.02
86|15.86
73|53.90
38|8.136
55|93.53
84|46.17
89|71.01
60|33.32
85|31.32
56|90.72
17|32.80
13|79.24
84|34.32
53|22.65
68|76.29
18|56.35
33|66.32
82|0.742
4|25.23
86|76.42
41|13.93
33|23.21
94|21.01
28|61.63
58|47.57
43|96.66
2|52.09
21|41.24
94|13.48
86|80.48
49|71.74
80|72.21
98|61.40
88|71.18
1|43.63
5|41.92
78|28.61
71|0.706
75|92.57
7|75.00
77|7.012
14|86.72
38|70.42
49|19.37
39|69.02
1|47.79
25|22.54
51|24.04
47|87.55
87|75.74
35|19.58
22|31.35
71|23.09
30|70.81
17|36.04
63|50.51
66|39.90
7|69.20
77|22.91
50|98.19
6|51.65
15|66.81
98|84.82
61|45.17
70|28.10
88|56.05
75|58.26
9|96.37
75|2.849
88|97.86
40|83.13
75|53.38
77|50.69
9|39.05
69|95.20
96|70.53
51|88.96
64|35.69
60|30.74
22|22.44
95|89.03
14|58.98
48|1.383
13|16.99
73|48.92
44|20.68
28|26.04
22|48.03
66|29.03
55|15.14
51|80.94
48|82.95
82|32.83
54|83.06
25|15.68
58|70.16
8|88.40
64|41.73
76|89.43
82|15.97
98|14.67
70|44.01
43|75.41
26|85.13
25|59.99
16|57.40
89|65.98
77|39.02
36|31.88
42|76.81
34|68.37
93|48.38
69|38.24
47|33.85
61|85.33
99|84.46
15|38.55
12|56.18
18|1.663
37|66.73
0|94.92
52|67.19
41|62.25
80|91.76
79|0.438
1|11.36
43|44.20
67|64.97
35|16.12
65|71.77
23|22.21
7|59.54
62|74.21
69|58.49
27|54.10
96|93.03
86|97.67
90|21.06
46|48.30
29|31.99
4|23.73
31|43.51
44|50.64
38|9.262
61|88.83
57|89.95
72|92.27
9|52.69
79|94.14
66|93.03
8|49.17
29|51.77
7|5.756
30|89.56
64|41.95
16|93.79
5|89.49
38|88.46
93|58.87
62|17.25
28|21.29
21|50.09
8|98.33
21|12.70
60|28.41
61|55.73
86|52.64
27|52.81
91|77.04
48|15.87
58|56.79
48|18.72
78|13.92
93|23.30
92|0.281
86|41.37
90|55.41
25|37.10
93|3.359
33|76.77
10|97.13
94|1.457
61|95.22
94|29.69
56|37.63
31|48.46
78|79.24
23|94.68
43|35.02
31|28.87
88|27.39
1|24.61
33|13.34
56|54.00
96|7.664
60|80.60
94|31.91
4|88.65
75|23.10
13|78.03
92|32.15
26|67.51
34|40.28
3|15.79
29|24.29
84|69.73
45|80.98
64|36.91
48|78.67
29|84.99
52|58.30
58|96.96
84|37.24
87|89.01
59|53.34
57|14.52
85|55.58
52|35.80
65|73.69
19|94.26
24|99.09
70|78.39
36|31.21
86|73.09
46|12.54
56|66.63
9|70.90
83|64.49
87|23.42
69|0.651
8|24.66
46|73.68
46|9.932
48|33.95
17|75.44
37|67.34
73|0.831
13|82.88
93|63.90
60|64.82
62|32.71
17|5.785
44|39.31
24|84.28
47|94.11
32|67.56
81|24.67
36|12.55
51|34.62
31|28.07
48|16.20
32|75.74
47|56.71
0|95.63
71|82.37
21|15.79
22|35.72
28|16.22
2|17.36
1|85.48
26|3.192
59|32.72
69|61.32
57|12.52
53|27.37
14|86.63
85|35.27
15|23.32
23|47.90
38|93.87
98|40.11
80|61.42
27|27.24
61|13.84
19|71.29
12|15.29
37|34.76
74|63.46
74|28.31
63|77.34
66|88.92
59|33.89
74|67.14
73|99.56
71|8.675
88|19.09
64|4.384
0|42.69
11|14.27
7|68.40
21|8.829
29|1.916
71|52.54
32|95.83
63|59.53
26|87.70
0|93.52
97|14.71
11|97.26
49|79.34
75|28.61
11|27.50
52|58.50
95|73.52
92|14.63
29|27.55
25|28.17
89|34.97
74|63.66
35|63.78
1|72.66
25|42.17
5|59.86
24|8.430
4|90.78
97|27.18
43|3.353
32|17.12
88|83.83
87|22.83
52|7.367
52|33.63
45|68.63
25|90.42
82|75.36
84|36.00
29|43.84
62|17.38
85|42.80
45|95.07
57|17.58
94|12.54
30|8.169
74|59.42
4|87.54
80|61.97
19|13.87
91|13.57
87|17.60
27|90.63
53|64.00
78|30.10
17|85.40
94|13.35
34|41.12
82|60.20
73|0.241
41|3.136
13|9.158
14|74.26
2|55.38
20|47.29
75|56.72
81|31.30
64|92.84
36|31.73
29|13.24
97|25.72
34|92.97
96|60.82
60|7.744
96|38.61
66|17.88
50|11.56
11|72.07
39|23.27
22|3.876
2|71.77
85|76.03
58|39.76
45|96.26
60|7.161
78|43.68
64|59.82
90|62.33
54|35.01
42|39.60
90|24.72
50|85.31
20|3.203
33|22.74
91|52.23
44|41.72
40|70.97
5|39.16
66|79.51
69|28.94
65|64.23
83|56.58
90|84.67
37|50.22
19|57.10
93|57.30
68|69.29
91|52.29
41|26.39
16|52.96
88|15.88
86|47.03
6|88.76
55|43.61
97|90.89
92|35.02
60|65.59
26|0.988
90|94.65
42|94.96
75|92.49
72|25.32
38|64.57
7|56.07
17|31.90
78|92.54
95|81.85
56|55.75
95|47.51
61|23.32
42|29.94
73|46.17
50|87.33
98|21.64
34|66.05
34|45.69
26|20.65
65|37.07
69|2.852
16|29.58
10|69.59
75|9.958
57|82.47
4|48.99
43|14.99
27|18.92
78|5.565
67|69.64
38|80.31
27|18.18
54|40.25
74|18.25
14|53.44
7|82.32
71|54.48
28|31.14
40|55.85
4|3.820
38|98.49
41|13.16
54|57.30
63|32.43
89|98.59
28|22.13
1|75.45
31|99.41
48|76.01
66|93.88
27|78.84
32|75.59
94|0.842
39|53.61
7|39.04
62|71.67
43|42.24
92|38.83
13|48.89
44|90.89
53|62.11
98|96.70
25|77.75
14|46.33
36|78.94
38|95.18
85|15.30
73|82.87
97|37.13
15|95.01
79|99.35
72|18.12
26|95.28
41|84.82
23|22.73
10|29.77
47|24.16
49|28.35
63|66.01
6|30.60
26|10.39
95|44.60
59|97.78
53|49.62
8|30.95
82|34.28
63|66.98
4|42.32
25|0.909
67|91.22
83|33.05
97|7.355
78|79.83
67|46.75
99|61.40
71|82.28
21|68.41
71|48.11
0|65.69
81|43.56
84|89.95
14|58.06
34|1.482
17|0.920
18|92.26
25|31.85
88|64.73
53|11.59
5|95.93
20|64.21
27|77.34
8|53.42
24|44.06
20|58.59
42|86.84
6|18.36
16|47.13
71|48.81
13|10.95
13|10.50
19|94.23
89|77.67
63|25.19
0|3.193
60|12.37
58|95.46
23|86.49
25|18.90
85|18.40
54|9.010
41|22.25
62|62.34
94|57.99
37|27.50
24|48.08
65|71.16
71|22.39
96|26.28
74|7.737
13|95.02
84|29.03
78|33.24
75|14.80
55|81.31
12|72.42
48|49.67
69|48.88
28|75.09
31|5.857
37|42.40
7|57.25
53|34.33
35|83.63
59|14.14
87|93.04
8|71.35
74|22.19
15|88.20
50|66.76
11|66.52
12|57.84
81|9.299
43|31.92
61|54.73
33|22.42
60|52.04
75|90.73
47|24.74
87|81.82
97|27.25
13|48.35
39|5.285
80|11.05
48|67.08
66|98.72
44|43.95
68|79.93
76|52.74
92|13.11
20|11.53
2|77.39
20|30.40
0|75.44
26|8.952
32|32.86
22|41.53
58|93.32
3|39.17
97|4.734
45|52.05
63|46.49
22|77.77
75|78.44
83|27.01
65|16.57
27|3.660
63|46.75
32|54.77
13|59.73
64|8.507
94|42.38
76|73.34
95|57.87
53|7.709
69|64.36
31|64.92
2|4.234
32|50.74
72|98.51
9|60.97
23|23.75
59|14.04
10|13.23
71|96.64
22|15.56
3|86.61
15|56.98
24|11.76
73|14.56
59|6.274
39|19.09
20|48.85
12|34.06
50|72.10
14|47.65
39|38.39
38|38.97
11|41.30
59|37.12
56|28.70
91|90.57
15|37.71
93|44.59
30|60.68
41|74.46
10|79.46
77|73.51
87|50.83
50|94.90
52|15.15
74|6.329
59|0.669
22|10.66
70|56.92
15|91.03
95|73.14
16|92.92
74|53.91
83|21.27
49|82.01
2|9.427
38|89.05
49|46.36
60|29.91
43|57.28
42|34.94
54|32.17
94|51.09
51|35.45
41|51.14
86|49.41
20|43.69
88|90.64
49|14.71
66|56.33
22|24.21
97|51.62
43|55.98
26|93.08
20|66.85
24|59.29
76|89.60
84|79.19
77|0.699
56|56.67
68|77.07
65|35.75
13|61.10
94|9.325
40|90.94
0|81.47
96|95.07
32|46.79
52|72.57
96|86.49
48|69.82
92|54.39
39|77.21
85|36.79
98|58.72
58|83.36
0|50.38
29|93.28
15|46.89
28|26.99
73|85.69
37|27.83
9|53.43
78|28.20
98|11.46
17|17.22
68|67.37
22|6.514
76|7.434
74|81.72
50|23.86
64|98.60
96|16.08
72|84.39
23|49.72
11|0.928
3|48.99
6|27.16
10|78.77
39|18.77
64|46.90
13|21.97
98|75.40
30|58.71
62|3.215
68|77.05
64|93.09
15|23.56
29|65.02
45|42.98
9|85.64
83|66.21
72|12.71
13|72.33
39|95.98
62|41.63
86|86.75
12|92.01
16|54.54
85|27.16
30|12.54
7|73.35
29|94.51
66|43.69
38|98.95
8|77.51
58|43.43
92|32.52
35|63.75
44|63.46
46|11.38
70|72.54
1|2.092
46|23.25
33|46.85
25|71.52
39|52.62
7|23.81
64|74.62
45|59.91
91|66.67
57|35.12
39|23.89
60|3.870
32|29.56
93|92.67
20|52.66
17|18.00
27|44.15
61|48.88
90|8.431
43|24.82
14|76.36
24|41.34
21|43.16
89|19.00
95|50.03
67|47.58
59|60.90
56|97.75
85|37.25
47|2.898
55|31.10
59|22.28
23|35.16
52|67.03
26|38.92
49|46.13
76|59.88
38|8.060
28|87.67
73|1.709
43|58.76
97|49.07
71|12.63
56|79.12
12|2.112
25|98.55
18|82.55
99|5.404
52|73.10
83|25.37
9|42.49
54|46.94
60|31.26
6|18.25
4|32.92
93|87.53
44|57.23
95|51.78
76|11.87
24|92.75
5|43.11
34|74.29
15|53.19
26|55.98
96|73.34
76|61.87
11|67.01
60|63.70
94|59.33
85|57.81
30|58.56
41|75.30
62|36.52
37|71.33
57|64.80
76|59.02
41|75.59
25|78.59
65|44.17
92|63.06
20|1.580
4|91.00
29|24.55
92|47.73
68|53.54
82|81.39
18|47.90
18|4.213
13|63.92
95|26.70
6|57.10
49|45.49
57|28.96
79|88.20
41|60.64
1|23.23
43|72.12
28|29.28
80|54.58
25|2.945
96|91.73
66|85.69
33|3.197
10|15.04
34|11.64
45|8.919
0|3.508
12|45.44
58|91.74
69|69.60
62|25.43
65|77.09
36|49.89
36|65.74
4|63.52
36|75.72
59|39.53
74|43.90
99|57.37
31|89.14
63|22.40
64|73.49
30|59.98
51|66.96
80|26.66
74|6.327
73|84.36
92|75.48
78|92.66
21|15.83
77|45.25
64|74.80
53|9.589
52|23.09
76|47.63
18|85.37
85|82.03
44|91.01
83|9.161
69|11.78
44|46.93
56|20.07
33|17.20
72|17.47
77|83.87
64|46.55
71|14.72
40|46.81
48|12.31
16|47.75
18|53.92
87|81.44
45|51.83
56|68.99
77|64.37
96|89.92
27|23.35
72|68.35
26|27.39
0|25.77
49|11.58
55|78.18
97|62.35
99|13.24
20|26.53
45|43.97
33|8.266
61|68.30
80|27.39
58|83.06
9|35.50
76|77.89
33|53.93
97|84.24
18|95.74
8|31.78
99|21.74
37|39.02
27|24.47
47|98.83
65|93.82
59|37.13
43|57.38
47|2.388
16|91.42
19|74.16
84|76.00
48|21.58
50|57.56
22|71.39
13|75.90
43|54.50
72|74.78
35|1.739
75|79.27
9|96.09
81|98.33
97|38.07
29|97.35
81|57.33
32|90.66
26|88.16
63|19.81
18|73.03
41|89.23
79|17.11
82|6.404
35|1.750
66|26.48
94|89.63
94|18.11
81|12.29
80|36.27
58|61.02
40|64.96
24|90.28
11|97.66
93|42.59
54|91.97
10|67.16
23|3.940
90|16.45
33|50.78
54|52.24
11|50.79
8|77.83
57|60.28
25|46.31
40|60.99
84|44.34
60|22.42
61|66.63
12|22.69
71|20.95
54|99.87
19|0.789
79|64.87
79|9.633
69|37.67
24|88.22
83|66.93
35|84.49
63|24.76
78|4.495
1|46.59
30|4.139
30|77.36
88|22.42
39|16.29
92|52.13
38|29.02
85|8.535
39|73.17
58|49.90
13|84.01
67|69.52
28|19.94
16|80.52
19|67.03
24|11.76
89|36.67
87|35.62
20|83.92
12|50.70
74|87.11
76|97.66
25|47.28
40|4.494
97|57.85
90|3.927
99|3.644
92|40.02
74|87.89
94|9.703
41|2.915
80|30.76
33|35.01
82|7.270
36|43.87
59|38.44
33|69.77
84|97.59
13|45.74
91|17.60
47|32.84
84|33.88
87|88.82
9|71.43
86|16.05
83|13.83
41|0.023
79|14.26
22|84.74
75|27.04
26|26.87
55|27.18
0|44.71
85|95.09
87|93.56
49|30.96
25|59.77
41|63.29
96|5.141
88|52.08
40|51.37
76|60.09
63|11.40
65|64.56
72|49.68
90|28.74
43|97.19
7|61.19
35|65.07
54|79.49
61|87.82
35|12.58
51|23.53
36|2.787
25|97.03
80|78.84
15|37.24
83|38.02
90|90.05
68|50.46
40|54.70
75|76.02
96|50.96
51|34.41
60|50.30
20|91.42
87|56.59
21|44.08
1|55.58
38|56.77
48|68.16
83|47.12
11|33.34
64|80.89
62|74.64
95|18.07
10|16.85
65|76.87
14|80.03
81|28.08
40|70.48
8|27.84
19|69.63
53|19.25
17|66.17
28|30.62
24|34.04
35|59.94
35|34.20
39|41.06
26|2.928
52|42.75
2|99.74
91|78.28
66|39.20
46|66.08
2|26.43
4|50.39
50|25.11
84|27.83
89|77.07
44|22.39
7|39.54
91|21.45
55|99.43
80|20.50
50|45.61
6|51.92
39|11.62
40|18.16
45|82.03
84|6.476
34|1.187
23|57.10
79|24.60
17|77.98
34|3.556
42|68.38
89|44.32
86|10.64
13|38.56
51|73.39
13|26.31
76|80.23
42|5.654
56|87.44
16|89.99
69|48.43
84|31.18
40|5.202
59|92.42
96|42.91
13|54.37
21|44.32
82|31.64
30|24.92
68|50.14
26|63.21
41|12.00
60|17.76
47|77.10
38|83.01
6|4.916
33|14.98
65|30.90
30|9.956
35|9.606
39|11.03
94|72.55
97|84.48
53|66.08
68|9.116
82|23.38
84|98.26
95|0.982
0|75.10
28|96.04
87|62.25
90|6.965
80|50.89
5|38.20
9|66.32
95|27.04
51|97.81
66|7.799
85|35.64
80|1.267
80|2.336
16|28.64
36|56.91
36|16.81
41|21.21
55|48.05
79|81.84
88|39.50
1|3.628
18|43.44
5|84.98
31|94.45
35|40.42
77|8.591
67|97.76
0|14.97
67|39.64
4|78.21
42|39.98
68|72.10
6|23.17
8|46.83
93|47.19
69|36.03
95|78.39
52|66.79
32|76.85
66|35.29
24|76.35
85|45.83
16|44.41
76|48.97
61|15.47
28|56.27
11|48.27
26|95.21
19|52.96
21|40.29
91|71.79
68|69.17
11|39.96
29|58.93
65|73.20
66|55.62
28|5.631
93|14.27
24|68.77
0|42.58
83|50.43
16|38.90
73|42.74
51|26.51
85|96.39
88|97.59
69|62.88
28|19.63
83|76.84
48|41.55
0|59.81
41|84.17
16|70.28
50|48.36
43|78.81
3|10.12
76|68.05
46|13.16
57|50.39
52|26.97
38|92.13
96|22.74
87|69.36
9|99.44
18|33.30
67|58.64
88|19.82
23|10.21
11|2.905
19|17.60
30|47.70
21|56.44
0|80.47
79|72.75
78|59.74
17|49.36
64|88.09
40|95.71
28|33.38
99|66.09
52|53.99
33|60.72
56|49.31
41|29.42
3|56.34
52|57.64
97|4.735
76|61.54
40|69.18
50|62.30
14|29.33
4|69.58
95|9.382
63|95.62
87|1.756
56|49.59
79|63.97
15|54.95
38|2.179
55|41.85
64|11.52
74|9.144
6|72.72
74|18.26
60|23.18
86|91.74
85|8.007
85|27.95
25|15.77
64|68.74
38|76.71
30|17.90
43|83.26
19|19.41
6|83.21
14|30.07
96|53.11
44|6.521
39|9.529
47|54.24
66|30.12
31|22.03
10|63.74
51|62.65
77|9.692
0|9.113
9|46.27
67|95.29
39|29.46
34|97.48
84|36.56
54|41.30
68|57.23
91|78.07
33|28.94
68|2.885
76|4.318
35|49.62
44|72.74
93|22.10
35|81.50
31|51.20
35|80.31
97|69.16
74|61.39
22|17.36
26|6.656
41|73.01
20|4.371
89|99.92
67|72.42
80|48.90
26|13.74
13|83.83
23|6.091
56|64.71
50|70.06
54|48.01
67|78.97
99|23.10
99|73.73
13|36.15
92|18.27
20|10.88
57|13.09
8|53.62
57|88.74
48|40.51
79|10.16
11|99.86
25|8.125
66|16.24
25|2.474
51|22.62
52|43.72
93|61.41
97|3.994
54|54.10
92|40.22
59|85.86
71|30.96
17|8.437
45|0.581
91|95.19
51|83.84
1|3.177
90|88.82
6|61.70
33|27.79
19|26.28
87|76.78
13|73.91
66|21.74
70|94.47
56|8.453
89|27.77
60|45.24
29|83.24
69|88.86
31|42.48
70|86.27
18|50.02
39|18.48
54|88.70
97|58.37
84|31.02
21|73.01
69|98.68
35|28.84
61|15.92
42|2.475
12|44.09
96|73.08
79|60.26
69|49.10
48|73.94
29|41.25
5|9.896
20|46.24
77|35.59
94|71.77
11|79.82
58|45.40
0|2.848
85|30.71
80|83.19
35|7.644
42|15.64
42|56.25
88|66.12
78|94.72
41|19.85
14|80.68
34|95.72
36|13.44
1|2.429
27|85.82
97|82.52
84|36.47
40|49.06
85|29.45
3|50.83
93|20.12
99|89.91
45|91.17
38|56.55
92|78.90
74|32.68
77|87.93
12|87.16
2|31.97
84|15.42
98|71.52
28|13.83
35|58.24
29|61.74
90|66.76
69|36.03
81|90.92
46|44.59
82|33.50
55|89.86
63|62.32
93|5.311
47|7.279
23|19.51
25|28.66
32|17.68
28|29.04
61|99.20
83|13.18
68|21.68
34|89.75
92|68.19
74|98.62
95|1.522
43|32.12
69|95.85
81|73.16
81|45.76
86|95.83
63|38.33
47|38.79
42|52.86
2|77.82
93|72.29
35|37.30
98|83.79
61|33.16
36|60.73
58|18.19
64|51.95
63|44.17
10|88.08
29|89.31
72|43.82
58|8.281
43|62.00
56|89.65
23|19.90
7|52.78
9|12.64
12|85.00
22|3.488
2|65.89
58|72.60
25|11.99
91|73.92
47|89.35
45|30.84
28|38.57
48|71.15
44|78.86
59|53.12
12|20.70
33|58.27
9|52.74
15|30.15
21|42.88
5|73.03
93|62.27
21|58.18
61|19.07
61|27.60
59|85.88
90|69.34
52|95.44
57|77.45
67|22.53
68|81.80
2|10.19
79|7.110
59|83.81
53|36.47
99|12.17
55|50.51
67|33.59
66|71.62
84|70.46
16|26.85
42|79.03
95|80.90
42|43.42
20|67.43
87|88.29
47|8.499
70|31.41
19|46.86
7|53.05
69|43.97
18|32.79
14|60.09
97|26.76
96|81.96
15|17.34
37|73.00
91|94.87
21|33.41
26|0.806
10|80.94
57|30.94
65|96.77
12|20.88
13|65.53
78|80.19
87|35.80
54|55.01
23|46.48
62|96.52
13|90.90
11|93.25
25|94.74
61|53.86
97|12.63
28|69.16
62|44.25
99|91.17
53|39.85
60|52.08
76|92.48
43|42.35
2|82.33
33|14.39
68|23.94
64|60.69
59|55.22
53|85.91
12|25.95
38|65.63
7|57.45
17|70.29
1|35.50
5|33.19
13|65.21
3|10.91
71|45.13
79|74.82
95|3.704
85|30.23
23|50.74
95|84.70
11|27.85
63|41.45
1|52.66
1|7.245
29|52.29
57|42.55
2|43.93
74|89.42
56|7.167
17|39.52
74|48.34
91|43.41
54|7.122
60|70.89
88|22.30
25|7.415
92|56.36
51|49.27
98|42.33
21|4.265
91|92.15
40|25.92
58|81.02
68|4.440
35|31.50
0|97.89
88|75.96
35|24.76
20|38.15
63|4.578
66|39.96
13|51.33
96|75.26
72|1.165
90|30.31
27|22.58
86|12.02
66|34.29
29|54.94
87|34.27
89|86.41
65|68.62
5|67.37
75|99.22
66|4.088
33|0.651
62|73.52
21|38.21
26|24.02
23|40.29
80|45.23
80|18.98
55|30.59
46|11.51
57|6.319
94|84.76
19|79.48
14|46.47
12|97.35
53|65.10
23|16.48
70|27.63
54|67.14
77|47.87
31|7.239
52|83.57
95|5.013
97|69.97
34|14.34
70|13.01
93|8.791
2|22.47
59|40.37
44|79.59
53|91.39
75|25.30
92|29.62
36|26.14
82|64.00
38|26.49
26|7.150
71|16.42
7|10.63
14|97.16
86|6.719
83|31.55
89|86.12
1|1.867
10|7.858
87|22.08
2|51.43
18|94.42
72|63.24
63|16.56
26|51.43
43|60.97
57|33.25
97|99.47
52|16.27
21|62.33
93|75.23
32|9.886
48|40.46
75|2.268
82|97.19
88|44.80
76|6.973
65|87.84
81|50.30
29|38.88
28|57.63
21|45.71
68|66.31
2|86.96
73|23.54
14|60.32
80|8.258
86|93.38
39|95.92
68|92.48
22|35.24
42|87.27
83|10.85
24|37.69
6|70.36
86|37.71
96|31.93
10|56.84
33|91.18
69|46.81
4|91.77
96|70.31
48|22.59
74|77.35
44|91.93
82|75.69
88|7.902
19|50.12
58|96.77
56|23.97
32|61.42
7|96.23
36|32.90
34|14.41
87|77.06
84|63.73
75|31.00
79|64.31
50|22.62
27|30.41
76|72.43
24|20.13
95|61.19
34|2.725
63|22.04
86|45.38
82|30.58
5|9.661
46|15.71
58|30.20
11|25.46
99|97.40
89|94.45
95|61.79
32|58.18
18|30.27
88|51.20
86|48.57
82|30.39
92|98.75
64|70.37
32|3.581
23|46.92
72|14.27
27|6.152
52|99.41
14|95.51
12|32.57
38|81.51
45|84.20
33|8.660
94|86.64
0|75.42
44|62.18
0|20.20
12|86.95
27|15.86
12|8.920
32|33.03
54|66.55
29|69.95
59|77.93
68|70.61
77|57.58
51|57.08
30|78.25
13|63.50
54|32.77
55|63.56
12|35.89
64|9.963
39|91.33
99|65.39
76|21.63
68|99.79
7|95.59
27|4.295
42|91.67
26|84.18
37|14.73
54|20.48
56|11.52
76|24.11
39|57.45
66|23.97
91|10.77
1|36.65
91|33.52
64|74.82
2|98.71
85|76.06
1|49.48
4|24.62
90|29.88
69|33.72
96|45.19
46|64.46
68|93.64
45|49.65
92|65.17
21|80.66
22|65.19
98|82.19
18|89.51
7|75.84
42|58.90
22|82.84
59|95.89
24|43.42
96|47.41
25|37.26
35|55.28
91|52.81
98|50.67
69|52.68
18|61.62
89|59.60
38|82.93
50|55.25
41|51.56
76|63.42
26|27.90
64|4.638
0|77.93
60|11.99
95|13.48
88|89.37
26|73.23
69|67.82
69|73.27
19|15.60
17|64.43
36|34.39
65|24.07
25|72.36
1|80.45
18|81.95
16|2.771
49|25.25
95|2.772
16|53.81
50|73.76
59|77.53
51|97.51
46|12.63
30|84.26
9|5.633
13|46.17
16|90.92
57|47.66
86|63.20
7|73.33
85|57.74
43|68.49
39|49.56
40|43.75
13|1.051
67|50.97
98|73.39
91|95.50
41|74.53
89|16.54
19|64.29
91|80.04
31|7.456
33|38.19
12|38.13
5|14.30
48|57.40
84|29.91
65|85.53
32|99.83
16|11.98
14|36.20
40|75.66
59|91.60
25|22.84
67|30.38
52|50.82
56|25.88
85|93.80
37|35.06
17|99.17
65|6.593
75|45.79
33|86.13
94|1.058
13|4.546
60|21.37
17|60.06
72|87.80
62|32.97
38|72.20
1|34.30
56|38.94
36|23.72
32|81.35
85|72.98
58|81.63
92|85.44
71|87.07
25|9.416
43|42.46
60|20.99
57|63.25
93|22.82
70|99.89
60|17.95
34|49.84
62|32.14
76|89.09
72|47.56
14|99.74
40|96.77
49|86.88
24|35.45
53|7.543
68|59.00
30|47.94
84|15.48
83|35.30
91|70.81
13|69.24
41|38.24
39|35.11
93|16.31
96|48.71
66|74.47
88|0.395
41|57.62
0|99.63
93|47.38
6|31.65
88|62.77
71|68.28
56|62.64
24|59.50
20|26.00
72|37.68
6|55.94
22|14.81
20|84.24
6|48.46
38|87.82
99|64.59
39|36.12
47|25.24
49|80.82
69|21.02
88|37.63
52|82.69
83|58.01
66|60.46
50|78.34
25|3.444
98|25.63
20|82.19
87|50.09
94|72.81
20|18.12
32|32.49
90|65.45
95|20.55
90|88.53
96|83.00
52|39.35
72|88.04
19|74.83
62|9.249
68|2.667
49|0.156
18|98.54
91|15.80
7|70.23
11|61.70
59|34.42
59|70.59
8|19.21
37|83.13
43|13.07
18|58.12
12|95.70
24|22.15
11|98.36
98|21.21
43|12.59
3|73.19
7|50.05
31|64.78
33|96.48
49|37.43
21|8.465
39|35.14
8|65.98
7|28.57
95|96.79
27|25.10
48|97.75
65|50.17
25|59.32
26|14.12
74|28.57
38|10.94
75|55.00
69|51.31
76|79.88
27|34.97
13|73.34
82|55.49
59|68.72
66|67.41
88|21.77
48|21.84
17|80.93
9|34.22
57|86.01
76|14.75
76|44.26
7|47.96
35|42.84
41|60.28
6|41.70
98|26.32
17|22.24
53|46.88
59|29.73
92|32.56
1|55.81
53|40.45
81|2.913
44|33.12
54|93.15
51|28.10
3|12.36
20|94.16
91|30.84
35|95.72
91|40.65
84|23.08
28|78.09
94|28.85
23|11.17
41|22.86
88|20.60
84|1.921
7|57.67
34|56.20
99|92.32
83|52.14
73|19.24
93|65.29
77|94.83
72|55.15
54|19.80
3|97.13
85|78.17
38|52.66
75|96.68
62|49.32
36|50.40
52|33.36
54|9.133
42|33.23
8|23.12
18|41.50
80|72.14
11|40.37
28|0.900
91|93.70
57|45.77
40|8.778
80|34.02
64|58.21
53|37.09
8|58.90
26|69.44
91|93.06
36|29.28
15|1.738
84|63.18
22|4.418
4|92.90
50|50.81
66|35.41
88|10.97
19|32.47
81|24.08
95|49.28
53|67.35
45|0.977
6|72.77
67|87.04
0|16.43
23|93.01
10|71.70
50|37.65
58|54.86
4|60.34
28|17.85
67|98.75
85|86.52
65|30.51
79|54.44
41|85.96
62|48.58
23|49.66
56|19.81
43|76.54
17|9.160
5|74.36
41|39.58
17|97.06
92|65.10
75|66.01
96|76.84
68|87.24
69|65.94
38|96.34
77|16.52
81|31.59
12|31.71
29|91.44
84|52.71
78|2.565
71|69.26
60|30.83
78|85.59
56|79.94
6|74.24
40|69.93
63|3.175
2|22.46
89|96.95
31|31.42
64|97.04
1|52.31
83|4.693
1|39.24
67|6.802
76|27.61
87|95.88
75|67.76
63|38.37
69|87.80
53|21.09
30|40.17
13|67.48
79|42.74
61|23.15
52|61.54
99|52.06
54|96.08
11|3.382
54|72.99
2|16.80
33|81.92
18|67.06
58|36.84
12|30.90
8|1.868
46|15.19
96|22.50
46|91.26
76|37.84
29|51.34
25|25.75
96|78.76
33|15.23
57|95.99
14|13.44
0|45.04
62|48.92
27|96.27
47|73.82
30|10.56
36|93.07
91|8.712
25|57.24
54|12.76
82|79.42
4|41.61
89|41.17
53|62.92
72|66.07
97|69.89
20|14.08
15|30.26
3|93.51
90|31.22
76|78.87
57|63.39
17|20.40
75|30.60
30|63.96
55|87.34
66|86.33
50|80.91
22|71.47
53|35.61
89|44.63
86|10.45
51|53.76
16|96.88
19|3.687
91|69.44
88|63.38
6|80.38
39|91.28
5|51.67
41|54.04
45|91.73
18|41.21
37|26.66
52|23.70
66|38.10
21|8.931
38|46.76
6|23.82
11|90.78
52|32.17
24|24.20
4|13.89
70|46.67
17|31.51
14|84.00
67|34.63
75|16.62
43|81.98
42|89.54
18|76.97
10|0.288
38|40.46
21|75.16
44|81.98
96|54.66
85|6.338
57|19.32
53|45.98
56|30.66
77|88.57
9|16.95
88|4.898
91|44.35
86|12.70
64|29.08
42|26.67
57|73.84
81|7.064
74|93.77
30|76.00
80|80.98
36|78.48
53|18.22
61|18.94
73|31.00
20|29.38
59|35.75
85|32.78
77|82.08
9|40.15
29|43.77
87|78.87
21|75.75
77|78.27
31|36.67
21|96.65
22|76.69
58|56.79
64|29.14
20|21.03
8|78.89
73|30.35
66|91.55
52|65.31
19|50.94
7|29.96
70|22.41
38|97.49
36|10.90
1|65.18
83|92.08
99|94.58
84|43.19
91|82.58
29|56.73
17|78.56
42|40.44
26|57.87
97|53.12
9|17.55
60|84.30
30|26.41
55|88.71
99|63.41
84|47.71
33|6.019
30|20.65
52|3.915
65|99.52
55|61.45
17|2.415
90|76.52
54|6.250
3|53.44
4|46.05
85|50.45
9|98.62
77|79.33
71|32.77
95|9.190
6|85.36
15|43.77
99|16.56
19|86.41
93|77.97
5|82.00
94|50.49
24|84.34
45|2.420
58|52.10
82|26.70
48|61.53
17|71.89
68|81.92
35|81.68
82|2.290
56|57.12
94|24.30
58|73.64
38|69.71
42|64.69
68|3.193
49|35.64
6|19.83
38|60.18
14|10.31
24|36.85
89|50.21
28|25.95
83|9.774
10|67.60
79|76.47
41|83.19
88|82.46
52|44.66
24|29.29
6|60.61
70|68.04
84|25.49
86|89.78
75|45.09
48|44.30
9|71.95
59|13.77
3|21.37
71|37.11
85|3.834
27|89.83
87|93.69
95|21.48
88|15.12
65|65.69
69|2.719
3|77.34
30|18.86
17|90.16
65|18.97
24|45.00
60|47.08
75|39.01
40|49.86
80|92.88
21|53.50
88|39.92
33|70.94
65|87.78
42|68.29
1|76.60
54|92.63
82|37.05
91|55.09
81|21.62
76|61.40
33|74.44
74|49.90
82|88.50
27|53.51
89|54.55
64|26.39
57|16.04
25|51.27
90|3.383
22|39.90
49|38.19
9|52.11
2|80.80
95|32.68
51|64.33
27|82.55
73|16.26
1|38.86
78|91.19
85|96.86
77|7.220
74|91.87
17|8.981
12|85.41
79|20.42
72|32.25
95|36.40
38|58.39
75|53.32
85|73.34
3|86.76
46|23.47
63|83.53
80|34.46
82|12.56
73|53.09
16|26.01
51|23.44
83|11.95
39|96.19
93|15.31
99|80.48
33|15.59
77|2.404
91|11.37
35|83.78
2|31.12
49|47.20
24|48.97
20|46.83
90|99.25
20|40.33
65|82.54
80|17.63
46|84.81
51|34.73
41|88.76
12|39.95
1|92.51
20|54.45
26|32.67
55|68.38
33|83.42
24|68.36
76|62.95
49|21.24
30|16.75
61|89.70
0|77.94
51|2.830
91|12.58
42|25.46
75|5.347
59|23.07
94|86.17
67|57.42
46|79.42
41|38.36
89|1.314
61|61.62
56|43.04
38|0.959
56|40.21
20|32.87
47|18.35
57|25.86
5|23.15
57|72.22
46|56.93
3|41.49
12|33.85
55|0.642
74|98.72
69|54.63
41|92.48
97|95.69
10|76.11
41|37.91
32|5.472
77|67.05
75|96.28
84|72.18
90|10.56
95|46.10
32|78.66
40|30.10
94|35.89
98|61.27
73|15.58
54|68.34
8|38.83
92|31.56
97|43.37
72|7.331
19|30.79
55|7.076
76|11.13
32|26.82
91|55.66
51|6.549
66|88.52
92|38.03
23|19.65
16|21.40
74|1.675
22|27.17
20|43.03
93|51.44
25|72.75
31|64.37
54|95.79
29|67.69
90|64.10
10|45.11
1|15.84
95|32.42
75|95.37
21|18.43
9|84.10
76|26.41
90|80.08
22|50.37
42|10.39
2|42.56
11|2.677
94|36.77
36|6.781
17|94.08
9|3.091
47|98.40
76|97.92
83|84.72
61|79.25
8|6.518
53|31.83
29|51.96
68|69.34
83|95.80
66|75.23
88|15.73
78|44.05
76|99.10
33|30.05
41|27.11
2|69.33
14|77.64
37|47.78
55|67.79
66|6.340
11|1.938
64|48.05
57|10.55
11|75.64
5|16.81
84|83.91
57|85.70
66|63.56
63|18.50
16|26.90
85|88.45
65|10.25
8|10.61
38|30.30
67|19.66
38|46.74
58|84.74
86|34.54
69|52.26
79|23.05
26|60.46
80|82.29
88|67.95
87|21.31
31|6.392
8|26.97
68|48.14
64|28.08
99|43.37
35|75.77
11|54.71
97|3.902
79|93.49
5|50.12
89|33.25
57|22.93
59|12.04
45|1.763
66|81.45
69|49.02
5|53.31
5|62.81
70|82.24
13|71.95
91|6.357
92|52.00
24|16.11
44|4.736
82|86.25
81|7.695
26|13.02
15|33.55
25|45.41
88|49.17
2|20.31
46|97.12
75|90.91
62|80.71
99|80.11
16|70.14
17|29.29
48|79.94
9|57.05
11|4.226
75|86.70
10|21.90
76|77.37
20|63.16
92|71.06
96|90.60
3|33.15
63|98.13
41|92.55
98|83.37
93|12.57
71|35.93
84|7.781
55|36.36
24|52.17
15|42.03
38|95.41
75|67.35
40|52.25
88|98.48
45|86.84
76|95.75
71|39.71
36|69.33
99|85.52
54|49.29
49|54.50
1|75.98
1|87.22
98|38.36
25|0.059
5|33.09
82|32.59
24|47.09
55|68.54
67|17.81
88|15.10
80|57.98
3|12.16
67|32.91
51|49.33
81|27.53
57|95.45
59|79.21
51|64.78
94|58.36
36|20.41
93|75.12
19|33.50
15|31.89
40|4.956
64|20.30
73|64.51
69|44.11
4|7.674
92|71.05
55|43.81
86|7.498
69|17.05
68|91.57
21|73.92
1|80.80
88|73.70
94|43.63
27|72.01
78|38.08
62|19.87
7|3.817
3|13.47
20|2.127
85|75.31
0|44.68
87|3.583
35|77.60
57|90.34
50|75.54
74|56.46
22|42.43
71|82.39
39|97.82
92|40.73
79|88.61
31|10.22
7|42.42
46|76.82
41|31.58
23|16.48
54|92.91
14|38.31
56|95.70
50|59.83
50|66.06
79|6.711
81|12.56
49|99.19
84|47.89
52|9.284
41|99.48
35|99.41
88|20.10
95|34.66
45|24.65
25|49.10
55|63.12
6|39.06
67|23.11
18|90.04
52|44.40
18|1.853
65|70.57
93|0.657
60|33.52
98|50.72
25|89.70
74|34.97
89|90.49
23|19.58
84|87.39
12|20.50
75|8.188
46|21.47
66|87.62
26|34.19
53|20.12
10|62.63
34|5.855
70|73.87
14|66.61
72|90.96
97|72.96
11|87.82
44|3.385
51|89.00
85|79.62
60|11.03
24|99.44
68|46.06
60|4.357
1|54.30
2|50.84
84|56.25
26|46.17
71|88.47
29|62.27
37|76.11
65|12.91
28|42.40
86|87.34
69|51.40
2|92.02
35|92.37
70|50.83
15|14.53
62|24.98
33|33.11
52|76.89
18|81.34
13|20.23
95|3.017
99|28.78
18|51.52
91|71.12
91|0.023
2|36.58
83|57.53
61|46.96
74|24.49
73|68.73
1|33.53
13|15.42
27|72.28
36|58.41
60|0.550
4|9.028
27|24.51
99|26.55
30|29.10
82|69.14
10|15.42
26|55.58
7|81.26
25|44.10
68|27.15
42|43.62
10|31.85
94|63.88
45|54.75
96|48.22
27|18.53
52|30.70
83|10.77
79|55.91
51|99.33
89|29.29
92|26.58
59|7.560
33|80.45
10|3.038
84|70.51
0|87.61
20|85.23
66|51.26
32|94.17
21|81.81
8|66.35
99|11.05
56|20.61
86|10.73
44|45.27
87|72.80
95|12.57
29|73.91
98|69.59
87|0.571
86|68.65
64|64.06
75|6.597
44|52.51
84|34.12
70|29.63
61|44.51
49|88.31
66|11.62
69|88.62
74|71.66
22|67.76
27|85.24
79|78.69
40|17.25
11|70.43
10|57.15
41|49.31
14|77.38
26|81.58
6|88.20
75|45.55
96|64.11
4|37.39
10|48.41
50|8.850
66|20.89
78|96.71
36|93.10
29|68.15
78|41.57
92|41.86
67|62.21
60|16.11
8|95.41
31|98.48
18|56.75
43|88.57
34|25.42
84|45.55
29|20.10
94|16.62
28|42.71
82|88.55
35|36.75
58|80.09
33|41.03
51|85.43
86|48.65
0|44.62
35|66.78
41|60.41
47|33.41
0|50.97
41|65.77
47|84.86
14|57.80
5|82.67
51|27.94
70|11.30
31|13.38
23|94.88
62|13.21
59|7.505
79|11.49
8|70.46
20|15.39
20|19.06
86|43.51
63|48.63
3|34.28
6|27.01
36|95.63
59|70.07
30|8.369
79|22.50
38|72.26
49|25.68
8|29.56
59|65.79
1|43.70
18|33.00
70|34.74
65|90.43
68|24.27
50|71.17
32|57.65
87|12.38
85|21.62
10|11.31
40|61.88
9|83.16
9|8.659
42|10.79
76|53.33
43|25.31
69|41.91
78|23.35
58|31.98
21|75.06
80|84.81
23|37.09
36|44.80
3|90.40
66|14.37
10|28.10
12|36.82
58|1.021
20|87.06
63|79.21
1|2.529
77|58.48
19|78.67
65|78.77
84|48.45
26|89.27
8|94.01
47|94.69
97|63.51
71|18.48
79|24.33
22|4.382
68|8.915
63|56.26
80|20.72
95|86.04
61|11.78
2|28.42
31|74.51
72|22.51
12|7.880
78|15.53
39|60.17
88|48.19
91|68.16
0|9.824
57|24.57
30|55.88
37|78.65
52|75.83
7|5.715
14|47.06
77|28.17
72|27.64
70|57.21
1|20.83
7|40.22
97|80.67
9|48.16
71|73.70
23|31.19
51|84.92
72|53.01
50|87.27
14|48.69
76|20.08
28|56.84
77|29.94
43|21.68
33|22.39
71|87.77
94|55.01
45|58.24
88|39.39
6|2.833
72|43.53
13|14.65
22|1.272
25|9.544
27|28.12
21|35.07
86|34.35
17|98.75
83|8.670
9|81.37
37|48.03
24|77.38
82|54.62
2|12.24
45|19.08
94|43.22
56|62.43
96|82.57
9|25.30
72|98.72
13|38.53
82|97.98
4|81.45
48|4.537
98|46.58
47|86.11
2|66.52
62|19.97
86|85.96
10|76.30
7|93.15
68|58.34
94|50.03
50|24.24
10|45.89
31|2.959
50|26.89
80|57.15
90|78.32
90|95.18
12|54.77
55|20.63
45|29.67
64|81.88
66|82.04
25|42.85
65|81.65
36|41.85
67|72.59
62|37.50
89|85.04
1|14.90
12|6.932
80|91.60
19|79.15
30|9.413
18|19.38
89|58.34
60|40.85
75|68.96
46|75.75
73|50.71
46|55.08
11|47.65
80|61.21
11|1.728
90|95.28
4|83.49
33|59.83
58|17.81
68|55.45
84|94.14
76|75.80
87|86.66
84|78.95
0|52.49
7|3.285
21|38.73
40|97.05
12|9.973
27|38.66
61|6.639
20|50.99
16|28.47
27|74.44
99|93.39
77|7.179
41|3.814
93|83.92
64|93.95
30|23.81
70|10.60
80|73.26
13|12.48
69|36.49
45|72.12
4|23.05
96|26.67
95|7.591
43|88.09
29|50.95
55|55.23
39|43.65
81|1.045
97|5.210
5|56.37
2|98.54
44|5.148
15|5.140
67|32.07
93|85.94
23|30.39
95|9.073
73|52.37
45|11.14
0|56.10
67|18.50
97|39.97
51|40.94
34|79.87
33|45.24
24|29.82
93|67.01
65|46.50
1|37.66
20|11.01
89|46.78
39|84.88
44|53.04
77|78.17
22|8.049
69|53.49
80|1.834
7|3.241
20|49.20
43|52.05
22|66.95
52|93.86
77|49.10
24|95.72
49|32.57
59|92.07
28|23.90
37|83.34
76|23.62
11|10.46
46|79.59
71|10.86
70|95.28
47|49.58
74|26.94
74|13.79
76|37.86
93|70.04
63|14.78
55|49.04
64|23.50
81|14.28
33|44.11
78|61.88
49|98.31
29|16.62
56|57.05
27|95.91
23|94.17
15|0.179
24|88.32
78|20.24
64|55.98
89|56.02
40|80.66
89|47.99
79|72.36
22|59.52
54|22.11
83|28.91
54|80.61
97|33.42
66|21.36
81|88.22
15|26.68
19|74.17
71|49.97
72|15.19
33|29.63
61|9.310
28|40.04
5|25.12
78|67.43
73|69.89
22|66.58
82|18.84
39|69.46
29|64.27
94|68.87
32|36.54
70|42.55
89|74.11
46|30.36
69|3.528
99|17.88
31|23.33
14|5.066
43|30.84
43|75.26
35|97.65
96|89.44
37|5.387
5|26.31
95|45.68
25|49.71
59|12.44
85|55.49
41|21.09
82|94.96
77|91.79
29|65.66
42|12.98
57|34.33
55|72.14
2|17.06
94|97.67
10|49.28
88|45.86
80|33.32
72|10.84
23|48.90
85|40.44
53|75.61
85|12.14
78|79.01
86|56.30
52|36.05
58|60.37
43|75.52
50|83.86
59|39.00
78|20.93
81|62.07
73|55.07
71|67.61
31|74.41
28|49.02
26|98.72
3|9.288
82|89.71
20|63.66
6|43.91
90|97.78
47|51.76
61|61.96
7|91.39
40|36.96
66|3.774
7|89.01
54|61.44
41|84.84
35|9.279
98|11.11
56|96.45
91|71.30
67|88.24
81|28.06
12|61.80
75|4.471
37|4.018
13|35.59
91|8.966
24|77.05
88|88.32
98|51.86
65|10.69
18|12.60
9|75.74
28|69.92
14|12.56
33|42.31
65|28.23
48|86.72
2|62.30
40|80.63
56|77.58
59|75.87
16|79.63
95|92.71
82|18.16
12|87.74
50|34.02
32|59.92
93|0.235
38|73.60
63|5.966
54|75.41
76|82.75
79|79.55
10|31.52
84|42.07
95|54.84
68|89.93
68|98.83
83|29.26
69|91.06
94|74.99
25|68.04
77|72.50
85|32.43
33|1.958
44|22.97
39|2.217
20|93.47
7|42.55
82|93.52
18|86.46
22|89.84
4|83.51
67|77.32
61|27.69
91|10.93
3|24.81
75|16.44
52|23.39
3|83.53
80|31.01
45|65.79
59|78.40
34|99.44
36|87.65
25|56.05
73|91.91
18|57.67
34|56.38
63|79.38
72|98.69
3|2.978
28|44.93
92|54.16
41|29.10
54|54.94
6|82.01
21|83.81
67|50.99
37|71.80
48|65.54
57|20.51
28|98.35
26|83.08
26|42.80
76|78