59|29.50
55|69.92
17|80.76
20|31.74
38|66.08
27|19.64
14|81.18
34|31.23
46|05.95
72|65.25
31|52.19
3|04.06
75|08.12
74|27.58
42|06.28
26|13.96
5|78.61
38|36.48
46|97.99
63|68.19
55|53.63
92|20.96
9|56.71
68|05.59
56|89.32
76|28.02
98|86.73
34|55.61
90|48.13
77|40.25
61|76.99
74|47.86
98|50.84
31|93.85
96|61.89
23|83.45
57|95.69
38|84.92
37|55.57
75|92.86
49|79.93
3|05.36
27|69.84
74|27.52
90|41.98
33|07.42
82|73.33
9|26.95
75|58.68
26|93.63
25|35.12
56|34.82
52|28.13
51|51.35
62|25.09
42|75.49
5|72.18
5|41.99
72|05.46
6|95.85
78|95.25
12|67.63
14|69.59
43|61.26
13|13.78
15|31.16
54|70.78
56|44.47
0|46.10
68|36.35
19|31.25
97|74.44
4|80.80
97|08.53
21|70.55
96|47.60
79|96.34
81|27.10
96|45.93
92|77.93
93|63.09
41|07.91
93|53.36
15|47.41
70|79.57
41|78.42
41|32.19
99|89.57
11|65.02
79|81.81
61|46.76
92|97.57
5|07.44
46|23.35
2|55.20
84|09.20
0|78.99
33|84.84
3|36.56
93|19.48
86|89.10
69|92.88
4|02.39
38|17.88
77|10.49
58|71.89
58|81.20
87|78.50
33|63.69
99|78.76
79|73.47
92|03.50
63|12.25
87|67.94
20|96.46
37|93.40
60|06.34
8|46.16
72|04.98
37|56.60
21|39.05
89|23.53
44|09.42
80|60.58
87|54.14
63|58.51
97|63.44
67|58.21
87|74.93
56|25.82
19|99.08
99|52.50
80|64.48
41|07.68
2|55.61
76|81.08
36|50.94
84|26.84
41|46.76
18|86.39
89|25.21
1|97.68
3|61.83
36|87.43
60|87.12
63|95.40
34|43.94
73|25.19
11|25.75
34|64.91
45|55.75
5|87.41
92|47.02
75|23.26
47|32.50
84|84.54
90|34.46
96|04.21
12|03.86
72|44.72
9|61.86
94|73.42
1|51.28
67|45.27
94|01.54
51|30.33
43|10.20
8|89.07
39|93.03
68|04.18
68|97.36
71|35.72
94|87.12
93|10.46
24|46.71
11|00.83
75|46.24
93|85.17
58|48.00
58|37.23
22|62.83
57|30.66
44|71.79
45|51.85
81|43.82
77|81.69
37|94.55
4|04.82
83|89.04
25|90.22
26|37.67
11|62.49
56|71.39
46|66.88
23|51.73
39|03.02
34|57.27
46|73.01
53|40.69
82|05.76
43|12.94
19|96.65
78|82.61
6|14.78
16|61.37
21|44.09
75|06.73
44|74.68
40|02.68
19|77.80
92|05.80
66|02.60
0|72.93
91|09.23
32|22.73
28|81.85
56|73.47
12|69.58
94|55.97
8|82.89
75|80.68
66|24.93
73|81.37
88|63.68
74|92.25
30|71.39
93|89.48
2|28.94
91|20.05
80|19.50
63|92.64
84|04.08
14|68.79
10|83.92
98|78.06
74|02.88
87|89.27
44|75.78
84|49.77
52|10.33
90|99.52
37|80.71
72|28.61
45|63.59
99|85.60
71|95.83
32|82.18
88|17.81
97|93.20
80|59.19
76|12.48
18|61.93
9|63.17
12|47.34
84|79.68
62|94.99
38|06.62
93|03.78
38|35.77
63|10.67
25|96.06
20|23.84
85|09.51
35|43.91
31|02.63
52|51.02
52|12.23
73|67.62
39|59.01
46|35.23
93|17.58
28|70.03
24|18.74
54|56.02
14|27.39
60|73.40
21|50.86
55|57.52
83|74.82
12|12.66
27|39.62
51|12.34
81|12.31
90|97.71
75|63.83
13|60.26
24|70.19
7|79.40
81|45.83
40|84.76
36|58.49
29|24.95
36|38.98
26|69.76
12|78.88
73|98.33
35|85.31
24|79.85
46|12.72
56|82.69
99|34.19
49|25.96
20|02.60
5|09.03
38|18.38
54|49.57
10|50.21
91|73.35
83|97.89
57|54.24
9|21.34
56|11.73
43|67.61
22|74.50
72|74.43
1|59.34
37|14.10
85|66.66
82|14.44
3|81.99
94|17.04
81|38.34
98|86.58
11|21.02
13|48.50
86|63.33
59|18.55
67|57.46
56|55.73
31|87.06
78|72.38
62|96.95
0|96.49
62|88.26
88|99.85
64|76.94
82|48.19
19|82.71
63|23.03
63|53.03
14|55.68
12|80.93
84|41.85
58|19.27
29|82.53
40|43.98
24|70.30
90|54.44
67|96.28
52|64.55
30|40.69
38|04.15
91|25.52
48|42.96
46|25.88
84|48.96
60|52.00
66|55.63
94|41.61
66|74.50
98|39.28
22|08.04
13|08.93
81|47.70
25|51.74
28|16.59
30|21.62
82|26.65
51|74.52
7|60.96
25|99.44
35|46.23
24|65.11
80|89.82
93|00.77
32|89.06
52|26.47
20|44.32
12|51.26
31|58.66
86|34.78
66|65.22
81|55.29
80|60.59
25|84.91
91|42.92
80|18.60
19|67.24
48|65.69
95|17.63
94|81.81
50|84.52
48|01.42
58|21.29
23|61.07
52|48.09
4|69.69
1|24.12
62|71.07
38|69.06
72|02.36
18|78.87
99|27.03
68|67.64
94|63.80
8|95.78
78|08.92
72|94.20
36|35.59
24|33.60
44|29.15
87|93.89
71|72.14
66|70.36
44|24.71
62|21.99
79|24.15
78|32.97
63|45.01
13|60.25
99|24.39
71|76.75
19|33.70
61|39.58
46|27.52
89|11.89
58|87.51
94|58.49
0|41.57
20|74.66
45|32.37
53|48.16
84|14.15
74|04.22
15|55.41
58|94.83
61|84.23
92|91.19
37|93.66
37|40.18
32|07.94
96|10.42
2|11.49
62|74.70
45|99.07
40|25.52
27|83.25
90|41.87
43|01.54
35|66.15
8|25.17
65|85.97
99|81.88
33|27.17
95|88.97
92|67.27
94|71.80
73|86.91
35|02.26
78|40.13
44|21.61
35|65.89
41|09.76
50|13.92
8|73.64
64|06.15
87|78.97
58|05.57
30|20.54
57|81.96
74|90.20
64|79.78
12|30.35
5|63.25
82|57.33
74|42.95
61|26.56
63|82.66
59|03.99
66|65.20
91|56.17
31|13.13
36|75.09
88|05.74
66|50.32
36|06.36
82|13.55
15|46.15
51|79.15
41|76.27
64|15.80
6|02.59
45|23.68
38|17.64
68|43.68
32|13.95
16|34.27
74|21.52
97|26.65
22|06.81
91|78.48
24|11.45
30|84.43
24|83.87
34|79.08
94|57.84
73|56.70
74|38.82
23|91.92
27|93.10
92|12.82
16|76.82
34|91.40
4|49.98
90|16.18
47|87.96
55|23.95
89|99.11
79|53.73
81|93.23
37|57.55
88|07.16
93|28.96
22|01.37
9|88.50
7|48.51
51|75.48
92|84.59
38|21.81
32|62.51
24|84.62
17|66.30
29|98.12
41|29.36
45|86.38
14|97.87
1|50.14
47|53.91
62|48.31
93|31.19
84|35.45
38|61.94
54|78.50
83|49.43
20|48.03
56|48.84
38|99.40
5|50.78
34|68.51
6|15.93
16|22.61
92|59.14
69|47.62
5|24.63
66|69.92
1|82.68
5|70.22
69|05.36
45|34.47
89|90.92
33|08.04
98|46.24
87|12.15
81|73.29
14|19.61
0|82.96
97|43.64
97|00.03
15|18.76
53|11.29
35|69.06
4|89.51
99|48.88
45|15.99
17|23.31
16|97.40
33|43.98
36|31.05
33|51.31
34|79.02
81|58.38
63|82.32
7|32.52
62|82.87
25|97.50
88|87.64
0|04.86
82|79.95
65|01.32
51|87.77
84|07.25
58|22.23
47|34.07
62|52.22
47|18.97
53|74.74
94|82.56
50|40.43
47|42.24
71|41.99
42|36.74
76|48.33
56|94.99
54|73.90
46|74.08
34|78.13
77|23.28
41|77.00
69|19.22
67|28.46
29|36.31
14|86.62
82|50.12
40|42.22
17|52.97
6|87.74
25|87.13
88|92.23
25|82.01
15|73.90
59|87.97
0|66.21
92|27.60
81|02.20
90|60.47
72|41.26
15|14.33
85|16.32
21|08.89
64|53.85
81|79.45
46|11.30
58|21.48
19|03.28
71|64.74
89|65.17
83|82.53
19|53.43
4|54.71
78|56.70
28|36.59
28|62.12
28|18.22
62|06.28
71|92.71
88|49.26
85|11.53
10|95.26
8|53.19
79|47.53
72|30.50
54|28.86
98|25.95
82|88.76
10|47.76
86|26.19
42|19.15
97|70.92
42|43.72
35|52.05
78|84.54
28|57.69
86|59.19
14|82.46
8|54.00
77|45.81
1|45.83
34|61.16
20|55.64
70|59.58
2|76.52
54|60.11
92|28.94
67|23.86
18|77.28
57|01.52
77|62.82
68|29.81
58|68.47
18|08.92
52|89.18
12|58.73
55|22.84
89|55.52
7|84.49
8|25.78
14|54.44
68|66.81
86|42.94
9|00.52
24|91.37
82|80.17
41|00.65
33|48.69
58|27.87
33|22.47
10|66.81
61|62.91
6|23.55
24|33.51
11|14.14
46|46.42
97|82.71
83|88.31
77|82.50
90|98.24
5|49.31
19|44.28
16|82.46
17|62.57
24|83.96
42|09.39
78|58.96
95|49.32
49|21.83
86|18.77
83|79.55
50|62.18
52|13.07
5|72.05
55|64.50
90|90.47
83|26.81
46|35.68
66|51.50
28|46.15
45|44.11
43|52.84
10|04.24
50|38.19
72|21.98
66|99.77
71|10.31
93|62.22
61|24.03
41|46.58
90|07.72
20|21.63
91|42.55
38|46.49
31|97.16
9|79.69
60|52.31
11|69.80
52|15.15
77|13.75
18|66.41
40|88.94
72|65.01
80|79.82
89|13.74
60|90.84
62|97.71
60|10.03
24|09.65
23|29.25
12|91.72
13|86.87
83|18.12
4|90.75
67|32.73
21|78.88
59|65.82
41|84.95
70|40.99
31|09.33
71|26.41
92|07.10
93|15.42
38|97.53
18|43.22
59|39.03
69|72.07
12|54.20
0|33.48
9|93.23
37|38.20
12|88.68
12|32.25
47|34.24
8|58.87
35|54.12
11|23.72
87|59.93
37|88.81
86|13.97
93|36.02
17|99.89
46|20.41
56|24.11
79|60.44
64|57.72
99|74.52
50|29.14
7|06.36
50|25.68
5|66.47
33|64.19
37|25.71
70|35.70
0|75.37
25|97.40
36|91.57
50|91.50
4|21.70
90|33.30
96|11.25
68|60.75
49|15.07
35|19.92
6|87.83
56|36.09
66|75.67
6|72.68
14|19.87
85|63.47
78|70.62
54|36.29
1|82.75
81|71.85
0|37.83
17|33.85
35|74.62
68|45.41
40|64.06
85|23.34
20|21.99
5|17.92
30|34.11
47|52.67
88|80.28
84|64.43
94|94.59
22|36.82
56|13.59
6|35.90
94|00.47
9|41.84
43|34.03
33|77.76
71|13.63
34|19.98
58|34.17
0|95.85
19|14.99
46|76.70
45|87.69
83|17.50
95|95.89
58|46.23
54|14.83
91|43.84
95|03.03
81|96.59
9|59.27
7|94.90
24|69.89
98|51.80
49|88.72
52|32.38
82|51.17
62|12.27
32|62.11
85|91.06
72|74.45
84|47.58
51|85.87
86|50.21
13|10.46
71|73.68
69|80.04
18|76.17
84|50.19
71|30.33
89|16.79
15|45.97
92|18.65
70|85.45
90|62.11
83|27.52
66|50.30
90|85.90
36|77.34
83|96.16
98|15.72
89|93.38
71|35.16
78|67.90
1|68.89
21|37.65
54|67.76
98|29.13
3|14.34
29|28.64
47|31.31
6|88.10
37|99.20
84|34.75
13|82.19
1|13.84
2|19.96
94|05.52
83|10.46
75|55.21
64|95.60
6|00.37
62|34.75
66|77.94
62|00.14
85|36.43
80|70.08
0|66.92
57|32.53
66|05.63
93|62.88
47|66.87
30|79.84
23|20.79
21|52.73
45|95.06
15|18.94
89|50.91
66|36.32
21|92.47
28|86.12
9|97.10
21|14.44
41|94.57
26|47.53
16|52.51
37|08.21
73|52.07
35|60.25
8|12.88
87|36.92
56|33.54
96|25.50
88|42.59
87|92.78
22|59.68
18|89.90
60|00.05
71|97.26
90|89.13
82|98.94
78|19.16
47|60.53
64|12.49
69|86.99
16|04.26
74|81.15
40|63.51
16|30.53
95|06.15
23|46.26
2|62.18
14|32.43
33|57.48
87|47.41
36|08.16
49|40.70
0|20.66
76|01.36
97|30.33
51|05.94
43|88.54
97|73.46
18|87.33
17|23.15
65|85.88
71|88.74
64|30.87
67|59.57
45|71.98
40|89.18
86|72.58
62|88.31
19|35.45
85|19.16
76|96.65
83|82.12
43|98.79
22|66.74
93|08.71
72|30.06
77|18.54
69|03.94
49|06.82
26|93.92
84|30.14
77|63.09
43|62.21
66|45.00
94|08.46
55|14.67
79|30.52
71|02.97
17|87.97
63|03.89
14|23.67
