44|61.92
74|27.76
83|57.39
70|17.37
52|15.76
43|31.79
27|54.35
7|38.83
4|05.27
58|17.27
28|54.67
62|15.78
39|59.76
13|13.50
77|81.58
32|28.55
45|41.20
76|55.20
81|60.99
54|68.77
71|85.76
65|54.73
13|51.04
44|99.82
51|27.68
26|40.90
96|68.77
5|71.04
46|76.46
32|25.55
90|02.88
99|98.40
74|08.21
70|93.11
31|42.26
45|46.69
52|55.82
80|50.55
84|55.79
79|10.76
54|90.96
46|56.64
91|30.91
54|19.82
3|24.10
42|92.81
7|21.91
35|72.76
84|38.03
73|94.05
36|52.57
9|38.27
29|94.06
33|30.83
55|07.13
17|00.10
96|62.66
34|53.38
30|61.48
64|73.38
79|46.47
29|58.38
34|69.37
68|82.77
12|16.26
98|25.31
84|59.10
3|95.42
1|78.64
38|01.29
79|81.79
63|18.81
65|49.85
79|49.91
36|76.44
53|34.33
5|56.88
14|01.71
97|77.38
61|04.31
45|00.85
94|52.70
37|78.28
25|87.44
69|13.03
47|05.42
97|32.18
93|07.50
24|96.88
24|96.51
1|62.71
11|05.01
69|72.27
78|69.04
56|90.12
52|04.51
82|96.67
86|53.27
8|07.90
7|57.90
76|35.59
61|40.28
37|57.38
94|34.00
69|77.44
99|81.94
81|67.27
55|20.03
73|46.12
50|88.01
42|69.16
79|12.59
39|25.56
94|29.44
93|34.23
85|69.32
38|58.30
77|34.28
79|99.41
35|73.84
22|60.12
50|27.14
71|45.38
30|11.26
62|02.20
1|72.43
89|13.74
84|59.24
7|67.98
42|22.30
0|75.95
33|62.22
73|78.82
2|21.28
47|14.63
74|85.34
60|35.82
15|93.69
11|35.25
79|87.76
28|14.00
10|29.30
53|25.39
96|59.73
42|87.20
96|49.94
8|53.11
57|02.29
36|06.52
51|76.04
40|37.63
60|42.62
86|83.42
83|75.51
56|23.66
10|52.78
31|01.47
30|98.96
8|47.41
42|92.66
6|25.94
89|55.75
45|53.41
0|03.96
49|91.63
44|50.94
19|42.48
18|75.92
63|26.40
60|62.47
34|96.30
24|88.78
0|23.82
65|79.82
52|12.18
66|82.57
74|89.72
90|81.34
45|09.30
73|27.37
46|72.43
74|82.68
92|35.34
52|22.53
75|98.70
63|75.72
52|67.14
62|16.09
50|86.14
67|54.96
73|71.02
35|23.03
79|52.50
89|85.15
76|53.26
82|42.83
55|45.92
66|72.11
39|07.80
35|58.87
53|09.27
46|26.78
7|50.71
15|07.32
53|57.13
9|93.51
37|16.89
10|80.01
62|09.93
25|83.16
22|43.65
22|49.61
61|00.53
90|04.79
95|58.35
95|87.37
56|20.13
25|14.78
27|12.61
16|25.28
8|26.80
81|04.73
75|83.00
75|58.51
75|77.55
69|74.86
43|28.41
83|32.26
95|89.53
98|72.87
55|07.82
90|12.87
26|73.14
50|45.11
17|41.98
48|44.57
79|10.62
11|02.72
64|82.87
10|10.28
2|05.28
12|25.02
83|34.68
94|68.21
58|49.99
79|43.80
67|76.40
89|16.54
75|87.18
7|84.65
23|27.66
64|32.90
77|72.90
27|02.88
30|39.38
42|16.87
63|02.93
75|02.55
21|93.64
16|70.71
85|60.50
69|39.30
4|68.06
98|51.86
20|91.44
19|79.68
41|77.20
24|26.00
5|16.68
60|14.67
2|72.51
80|39.38
10|59.10
62|59.16
97|87.44
92|77.79
56|61.10
7|49.14
34|08.16
31|84.01
59|05.83
17|67.89
91|99.89
36|54.68
0|68.21
87|27.81
86|73.15
16|59.93
59|03.60
10|21.85
78|27.24
47|13.88
21|49.35
61|90.67
61|25.92
77|69.97
82|93.98
95|27.63
25|03.61
82|38.68
87|18.93
1|10.18
82|75.85
41|67.58
58|22.85
66|39.67
45|97.22
85|74.54
48|26.42
31|63.52
93|76.99
79|24.69
25|70.94
93|48.82
90|74.44
91|42.56
27|26.64
23|12.18
46|38.27
51|60.69
94|51.42
97|14.93
37|84.96
6|29.22
32|77.12
81|82.26
30|70.66
13|36.66
87|47.57
74|61.31
51|76.50
90|26.45
98|27.33
22|92.98
39|20.18
75|36.21
44|64.34
35|16.34
58|58.10
77|84.73
71|85.17
9|31.71
71|01.28
33|59.07
48|86.93
77|23.59
6|48.60
49|58.84
50|07.86
18|35.20
46|39.23
99|47.85
23|25.15
64|74.27
41|35.83
13|62.62
13|32.64
8|64.41
46|35.33
14|11.03
50|19.62
55|29.74
40|69.35
64|61.09
44|21.48
69|27.95
59|25.30
64|94.88
71|15.33
50|30.08
74|43.58
41|64.58
11|49.45
18|47.98
43|26.96
69|67.38
27|79.50
71|67.77
21|20.87
18|53.09
16|13.31
58|33.17
36|28.00
14|60.44
50|50.74
39|41.78
60|93.54
20|97.65
32|35.03
56|19.02
79|39.27
54|25.45
41|46.96
72|98.07
43|87.05
98|20.86
6|75.88
24|90.33
89|84.44
76|08.48
58|14.63
35|51.33
12|81.09
85|09.40
53|03.03
32|58.83
14|12.49
2|50.64
12|08.23
24|93.26
19|66.01
38|49.56
99|61.20
30|12.20
18|56.45
71|31.62
78|52.28
84|94.53
6|52.25
13|18.66
78|59.44
7|06.22
6|90.35
91|86.59
42|61.77
68|94.46
28|92.13
29|96.41
88|34.27
96|02.26
66|10.24
9|12.41
67|81.29
97|16.41
57|99.11
76|77.97
70|31.67
65|11.01
11|74.57
48|18.22
60|34.33
11|85.96
55|86.48
5|30.56
70|26.46
89|14.41
18|18.73
36|79.10
88|72.22
42|15.91
72|57.65
79|67.44
32|95.25
84|06.05
30|91.21
30|39.57
32|12.36
46|27.45
69|96.58
31|85.69
78|66.11
91|67.11
19|44.97
51|65.34
39|47.01
46|15.45
30|30.02
0|04.65
19|71.80
3|37.06
93|11.66
99|79.69
27|12.36
67|76.78
68|93.73
55|02.51
14|84.57
57|21.17
31|76.04
23|74.42
34|37.02
77|39.14
79|79.70
21|84.03
52|76.72
4|72.13
19|34.87
73|40.91
46|74.31
80|65.06
61|20.91
88|12.38
64|92.19
88|95.17
68|10.35
57|86.57
86|60.48
88|07.68
18|88.84
49|67.97
27|55.43
83|04.92
71|15.41
0|80.18
14|78.50
7|49.66
87|59.07
32|84.32
98|41.17
90|06.54
92|18.75
92|16.41
21|60.64
77|71.24
75|89.50
31|23.07
39|37.58
27|56.34
77|03.76
43|02.49
66|28.03
69|69.70
0|55.41
98|85.30
15|16.58
60|77.68
82|34.97
35|52.59
61|11.73
7|54.59
60|52.95
61|59.74
77|57.51
45|68.53
30|50.57
6|00.35
28|41.93
21|70.01
87|56.05
58|34.73
87|01.88
82|89.64
41|98.93
51|86.27
66|46.98
50|75.63
90|27.10
23|04.67
17|07.38
88|78.25
89|58.44
92|91.03
25|26.60
51|10.87
72|32.73
55|28.55
34|60.28
57|72.09
9|00.17
55|95.85
75|73.50
34|32.13
49|14.24
86|42.68
98|84.72
3|61.18
60|16.42
59|17.38
77|53.24
3|08.12
8|48.97
92|37.57
37|45.48
84|30.33
46|58.21
90|77.86
45|85.68
52|34.15
80|76.11
8|94.01
12|85.25
46|63.13
36|87.22
29|15.43
43|31.00
14|98.11
65|15.75
58|74.16
14|63.02
91|11.83
22|25.65
61|53.04
78|56.94
30|20.26
38|59.23
12|88.20
4|19.15
16|88.31
88|71.38
51|57.33
17|57.78
34|09.38
44|29.52
51|53.35
18|96.25
39|92.11
13|06.73
5|89.81
23|68.75
89|85.11
71|07.62
83|34.65
33|93.59
17|31.39
14|73.22
85|56.90
29|18.65
44|33.10
13|86.79
25|50.75
33|98.35
35|21.45
2|15.47
47|55.04
23|70.97
52|59.86
51|42.54
42|38.42
96|41.78
45|61.89
19|16.30
22|75.22
87|36.66
15|90.68
46|48.76
17|08.96
16|53.98
52|71.81
64|89.84
43|22.27
43|88.11
19|58.76
23|10.51
76|30.38
74|97.41
0|14.80
64|23.12
0|32.70
72|27.09
48|88.33
43|51.08
16|21.97
7|75.51
53|84.01
75|57.81
39|81.54
19|77.63
13|87.06
65|17.99
97|44.10
83|45.87
17|59.70
76|56.25
54|29.86
59|34.70
46|03.24
86|77.84
30|60.28
54|41.12
22|72.50
3|41.88
88|40.65
52|87.60
36|04.85
1|06.49
98|47.56
95|54.30
19|20.65
26|21.40
73|59.18
98|55.66
6|77.70
48|37.93
92|79.44
54|45.37
26|15.74
84|50.44
40|90.74
82|95.49
38|59.96
86|60.58
31|21.63
91|18.16
14|98.11
5|00.33
71|78.30
17|91.46
67|96.49
11|23.48
85|81.05
88|08.26
66|90.29
70|69.57
29|42.82
91|27.27
51|84.91
79|20.69
34|90.31
95|66.94
45|01.65
74|58.75
18|61.64
63|04.24
55|15.85
55|89.13
53|40.53
83|05.29
7|67.45
19|97.61
35|56.14
42|61.60
68|58.93
19|90.45
15|23.63
21|03.13
3|94.88
16|09.94
15|73.63
67|94.32
56|94.56
62|08.56
98|02.85
70|60.21
33|80.48
0|63.27
2|70.31
39|47.35
91|82.59
58|11.54
77|44.16
20|43.11
92|22.46
38|91.19
76|54.93
21|62.95
46|87.12
76|71.09
70|36.42
82|03.99
54|33.92
42|07.72
74|43.27
62|61.53
2|51.19
98|67.11
70|06.68
78|27.27
86|34.04
62|36.92
8|62.58
8|08.78
28|49.62
12|94.02
63|52.15
83|96.66
67|09.75
91|29.39
45|34.89
22|76.01
39|23.46
17|81.30
14|42.71
25|38.68
66|70.05
94|88.56
32|51.41
45|36.90
83|96.47
22|26.94
24|08.74
74|11.96
60|70.59
69|62.46
48|45.07
15|83.88
64|85.75
97|91.53
22|81.64
65|56.46
5|25.62
52|87.82
11|81.87
94|05.34
17|27.32
97|87.10
37|11.61
19|28.09
46|60.47
80|28.95
31|58.44
22|31.43
97|17.47
62|53.50
60|54.76
80|89.61
92|70.22
21|57.60
17|74.29
17|90.17
5|08.97
70|26.42
74|65.40
68|11.57
25|53.32
0|34.59
95|47.48
20|26.32
43|58.65
22|96.55
50|84.13
43|40.83
73|80.79
81|82.50
9|10.19
35|26.01
91|99.96
4|00.69
42|14.20
56|59.98
70|42.29
4|50.02
32|66.27
68|17.90
17|36.11
73|06.08
47|57.56
35|96.71
16|42.31
14|97.82
73|18.30
20|27.18
19|22.01
48|05.42
10|69.79
83|20.96
89|10.68
26|32.57
0|79.90
85|30.91
33|70.14
99|15.98
69|23.76
10|65.42
62|49.46
28|09.91
71|45.39
98|54.80
20|87.24
36|57.66
18|17.64
13|73.77
57|54.23
25|99.11
79|51.08
26|06.02
34|37.02
31|11.47
27|59.54
11|20.54
94|19.77
97|12.25
0|02.05
6|96.37
55|70.99
73|28.32
30|34.72
86|14.17
29|72.87
65|73.41
91|88.18
31|34.53
86|98.52
18|18.31
57|27.71
38|10.42
73|71.47
58|49.84
22|93.98
72|12.59
91|58.64
20|05.53
16|26.90
31|46.16
98|63.73
66|20.75
17|04.06
5|15.56
63|06.41
14|71.42
70|75.45
55|90.65
73|80.00
19|33.30
95|63.97
82|29.84
95|90.81
21|01.63
55|84.44
93|89.15
96|67.40
41|81.18
93|38.94
39|66.41
64|28.15
98|06.07
71|71.92
91|28.16
67|33.46
5|10.23
87|70.54
87|02.13
50|39.25
22|26.42
25|79.01
50|95.03
19|08.69
22|46.19
54|56.14
41|05.30
90|35.49
18|68.32
76|30.13
78|55.86
58|91.80
83|27.87
56|48.91
21|07.41
41|74.52
86|89.27
81|18.71
71|40.86
82|74.18
46|27.41
34|48.52
61|00.32
99|85.81
71|47.91
0|12.21
13|77.25
72|80.08
4|78.86
17|84.81
37|40.10
74|52.96
93|61.37
99|71.60
35|32.87
14|90.27
82|88.57
58|20.71
88|87.62
12|13.77
37|95.09
99|36.22
81|04.78
65|10.81
18|22.25
94|03.04
9|41.95
94|17.01
7|69.12
85|05.74
43|35.32
32|57.88
23|28.01
17|00.43
64|02.34
31|70.45
29|71.94
26|81.74
67|43.31
44|28.60
56|31.69
18|86.59
29|46.83
97|50.67
7|51.54
66|59.46
76|46.68
62|26.23
56|66.78
72|65.56
8|91.02
37|34.95
55|30.75
85|37.48
29|59.32
9|60.35
46|32.64
67|19.02
