10|44.72
73|70.45
41|06.47
50|38.87
49|62.20
98|78.96
68|37.49
89|37.79
89|53.16
65|43.13
88|03.73
24|65.39
77|54.95
8|80.11
22|44.22
76|89.80
91|88.90
89|18.83
24|17.79
27|63.50
86|26.89
10|80.88
11|65.48
7|15.32
31|72.34
5|38.43
68|37.09
64|27.35
97|88.94
41|81.36
92|02.86
80|74.22
55|35.48
39|40.81
24|18.95
6|53.89
67|11.36
10|08.48
39|53.92
29|39.52
93|20.69
42|97.28
56|26.88
64|07.32
65|64.53
89|07.35
5|12.10
65|98.41
76|17.54
44|39.50
46|21.42
90|95.72
23|25.55
81|36.84
14|43.79
67|00.41
32|58.83
64|37.61
29|70.31
27|25.86
18|61.82
3|51.44
50|73.94
40|01.52
95|37.19
46|06.83
38|49.47
1|09.08
57|00.15
40|01.21
66|26.79
88|09.56
62|73.55
50|96.83
57|42.85
53|50.94
71|50.82
0|53.16
20|55.92
90|61.69
82|00.33
89|39.91
48|00.20
87|66.99
86|52.12
28|38.57
41|37.36
59|21.59
55|93.77
12|12.26
53|55.95
85|19.46
74|54.68
76|55.85
11|16.88
61|36.62
5|53.50
21|70.57
31|70.82
24|88.27
70|92.13
39|28.79
50|42.31
86|94.15
39|49.18
68|72.15
15|23.39
73|55.64
59|33.19
62|22.21
84|07.58
53|47.39
82|24.15
77|63.83
2|45.65
5|98.11
67|28.24
84|03.38
81|68.11
70|79.13
38|75.54
8|93.11
30|96.67
29|74.76
64|23.08
35|61.96
48|87.77
95|61.82
75|60.89
40|00.15
25|28.63
19|49.67
3|37.98
21|94.57
42|03.32
86|83.92
18|80.55
3|54.28
6|84.87
97|21.30
11|35.15
26|87.42
43|62.19
68|74.37
67|93.01
82|21.83
71|39.87
95|40.89
28|38.61
66|38.54
27|29.56
76|15.35
22|62.72
1|76.41
8|27.97
71|55.76
20|59.18
34|66.60
9|77.55
86|44.57
86|45.04
81|56.99
81|89.91
47|89.71
92|00.98
79|55.09
6|36.74
50|42.01
93|62.74
12|74.68
69|82.85
33|53.31
7|19.11
78|55.81
64|53.66
87|59.39
48|38.29
69|91.73
44|64.85
61|42.79
25|15.16
61|93.43
36|03.15
47|85.62
90|38.81
39|35.08
94|54.97
95|03.02
39|57.36
78|75.34
39|17.67
27|97.91
7|82.70
32|91.90
49|72.87
29|71.09
87|26.87
42|76.54
34|58.84
63|09.32
19|38.92
75|35.41
97|52.79
42|74.67
7|36.55
19|36.47
28|49.18
62|94.94
26|02.62
79|69.12
40|61.00
47|72.19
55|46.33
70|35.34
59|48.06
64|70.23
73|88.77
16|38.58
85|93.26
95|68.09
11|84.45
6|70.35
20|21.22
55|26.39
4|92.32
6|45.10
46|64.99
56|96.59
35|57.15
51|93.39
57|81.83
65|17.66
25|61.28
0|89.27
15|72.58
74|67.49
42|88.39
90|12.53
79|88.96
97|74.63
64|86.73
35|06.13
78|12.07
84|62.93
25|26.15
94|05.78
6|84.14
52|03.40
8|94.21
52|71.78
52|87.07
15|67.36
68|01.32
98|88.46
20|82.26
16|90.22
15|36.92
87|70.69
36|35.69
24|05.51
59|13.62
67|31.01
62|33.01
17|82.87
3|90.93
1|34.85
43|23.66
18|65.20
7|53.80
61|84.34
19|74.76
85|54.23
61|72.54
8|91.17
80|65.14
82|68.51
1|88.73
55|94.47
51|44.29
69|24.38
53|98.48
74|17.15
23|46.51
83|12.61
87|70.76
45|90.64
97|44.54
35|52.37
94|53.88
2|31.27
75|28.95
23|98.47
78|17.09
27|53.75
40|96.62
41|95.09
84|53.90
89|10.36
18|48.66
38|56.04
16|92.97
31|78.53
64|21.89
21|76.10
83|68.57
77|63.69
99|33.26
47|85.20
73|42.68
10|94.08
89|31.63
68|91.66
4|93.38
16|96.58
75|21.25
83|41.76
66|39.33
56|99.72
69|98.14
34|07.80
41|14.38
70|43.14
80|56.87
39|34.58
61|41.48
34|88.31
41|53.98
3|11.39
94|79.69
83|98.79
23|63.43
97|39.75
5|41.82
56|71.47
40|23.73
25|96.98
19|56.38
65|21.11
14|50.18
56|47.09
69|48.79
57|91.72
11|15.54
67|34.18
87|23.12
39|51.60
10|17.49
99|34.25
6|43.16
99|91.77
13|61.49
92|60.99
48|22.65
33|41.43
30|95.57
31|22.33
35|35.23
75|58.47
34|15.61
25|88.55
70|89.54
43|31.26
19|54.33
67|51.63
18|75.81
51|97.12
47|63.43
16|10.41
95|44.34
99|81.28
40|98.96
98|83.22
31|41.26
28|92.01
35|07.84
95|11.01
48|80.50
21|90.50
76|04.29
52|66.89
0|96.83
99|86.67
8|09.98
3|62.89
94|89.90
76|65.85
96|01.76
50|96.66
88|90.02
27|77.75
55|53.85
60|10.71
95|14.25
50|30.74
70|05.34
46|91.73
51|23.92
19|97.00
64|05.75
55|25.06
14|84.77
97|45.83
67|39.99
55|64.06
3|89.86
75|84.13
22|76.80
41|62.58
29|71.72
42|32.23
15|74.49
56|82.49
9|60.78
90|40.30
6|24.61
60|29.57
87|17.57
15|47.92
18|54.70
92|91.09
95|01.03
41|95.73
82|23.36
87|04.80
43|05.16
94|86.51
24|38.47
87|06.24
66|09.68
62|17.73
97|13.53
26|18.96
69|35.42
51|59.24
44|69.70
68|21.75
15|44.53
29|26.30
94|18.54
0|11.90
64|46.14
87|97.46
5|96.40
31|99.84
53|42.82
8|82.68
71|85.24
34|08.33
60|96.52
78|73.27
97|68.37
90|78.84
6|83.93
81|01.67
40|64.95
61|55.94
48|95.47
1|51.61
57|27.45
49|27.12
71|21.88
49|41.33
35|69.39
72|19.55
99|82.15
40|56.64
9|77.82
41|55.87
89|17.94
33|21.15
64|08.40
64|62.51
75|86.99
49|03.72
85|50.66
53|18.79
79|79.36
72|04.10
43|02.39
24|83.44
98|10.05
93|26.11
36|86.35
23|05.59
14|83.51
77|06.44
84|48.60
74|39.12
53|00.15
50|57.48
27|80.01
67|17.87
56|74.62
39|67.23
40|84.76
69|87.98
39|17.69
53|38.83
18|93.48
52|58.86
53|95.77
28|16.93
4|84.51
23|16.04
21|88.58
79|07.67
66|98.65
79|66.61
62|16.15
66|67.27
83|91.86
92|84.16
27|04.48
17|17.54
97|10.52
47|48.21
43|10.54
63|93.70
61|38.47
56|95.43
95|23.92
87|41.40
66|64.08
58|40.83
19|68.26
62|18.63
24|76.47
48|87.52
93|62.78
16|10.16
22|70.73
64|78.72
90|88.60
54|15.71
48|17.91
89|78.48
79|07.75
31|41.40
9|98.79
52|65.08
5|99.68
97|58.04
14|29.27
67|64.52
11|20.37
8|86.69
95|73.45
98|04.49
38|43.95
67|84.18
32|42.17
9|35.10
73|61.38
19|68.08
64|58.24
67|64.23
0|04.34
59|42.06
78|34.59
27|84.06
5|98.57
28|82.80
76|81.76
4|35.24
97|55.26
6|11.85
36|08.47
27|35.39
28|66.87
98|51.22
23|21.11
53|21.99
38|38.37
59|34.35
13|10.69
45|61.86
2|63.21
37|05.02
63|04.39
43|75.57
57|56.79
42|56.06
22|89.58
2|78.79
30|41.84
49|97.90
21|38.32
49|68.38
24|48.62
23|27.15
8|03.65
8|12.61
69|82.72
55|40.32
57|84.37
51|54.53
7|57.67
48|57.57
75|17.68
55|26.29
44|41.98
53|45.68
49|25.52
89|41.83
34|56.42
48|03.55
46|36.62
50|12.37
31|41.23
75|56.00
15|48.62
98|11.76
63|01.74
10|84.55
45|88.30
8|28.19
64|50.00
7|85.59
80|58.44
33|06.36
76|90.33
47|54.80
79|12.39
15|60.06
23|15.42
71|30.02
55|51.40
56|23.35
46|67.05
31|73.45
14|79.75
34|82.58
4|66.34
66|89.49
11|40.23
74|55.49
17|81.30
26|51.66
80|07.52
29|16.82
90|85.94
30|80.23
97|78.94
32|96.89
8|10.79
31|28.93
6|83.52
43|36.91
54|37.73
83|90.75
5|51.35
38|46.74
57|72.89
91|76.84
40|95.90
47|19.66
6|36.49
56|01.65
34|69.23
29|23.43
25|52.22
23|89.40
16|62.40
93|58.64
85|22.92
39|68.74
27|61.26
97|71.98
64|05.88
77|02.35
35|07.75
53|58.14
35|54.11
35|01.84
94|92.43
82|10.77
92|58.82
82|70.86
8|18.11
92|19.33
96|81.25
21|50.99
97|05.91
52|93.09
31|26.63
22|16.32
41|68.39
20|24.11
71|12.54
57|34.11
66|20.33
57|87.65
93|14.30
85|59.48
29|99.85
17|78.16
42|36.42
8|55.39
21|82.92
94|32.63
5|63.38
65|85.46
72|70.48
55|61.29
6|95.11
31|45.35
32|75.04
47|71.44
86|39.89
12|82.51
8|51.94
50|28.17
61|81.24
7|53.64
93|31.63
52|69.49
13|58.73
99|39.45
65|75.31
1|53.44
5|22.53
83|87.62
92|12.72
3|99.40
34|19.48
10|51.36
31|42.15
56|81.41
15|75.09
97|56.81
84|64.66
51|01.51
82|16.04
31|17.96
4|01.03
33|06.65
9|93.03
46|90.54
32|75.27
27|48.30
9|94.82
75|72.84
82|06.16
75|12.24
66|70.07
59|68.69
44|91.22
59|76.73
59|11.14
86|38.67
63|62.23
11|84.17
15|64.96
5|59.36
94|13.40
80|47.19
40|77.68
66|53.57
2|20.33
15|62.24
58|63.41
28|11.62
80|39.68
96|19.93
46|42.24
96|37.49
36|51.91
26|61.88
6|51.13
48|26.32
15|92.59
5|34.29
71|33.43
62|20.57
2|76.45
32|58.01
45|01.26
99|04.34
39|48.16
91|08.00
47|52.02
7|83.33
58|33.77
4|35.17
75|54.43
37|21.50
19|04.26
79|72.42
39|33.65
76|03.91
60|24.10
11|25.62
50|81.54
55|89.99
68|15.28
69|49.13
88|55.99
26|21.93
13|56.71
56|77.24
72|42.80
13|03.62
66|20.40
92|92.46
17|67.97
41|76.34
77|68.93
11|51.04
6|01.92
19|86.72
14|16.61
17|16.78
97|01.26
90|41.00
77|72.06
48|32.50
16|09.03
30|28.59
90|60.37
28|59.91
80|96.50
96|22.88
11|62.14
90|70.82
65|93.91
85|34.11
44|95.67
24|99.69
74|50.51
25|81.33
86|22.58
38|22.22
65|80.53
43|95.40
26|68.54
51|28.35
62|97.85
31|28.41
90|88.93
41|24.25
76|69.96
10|55.71
28|41.41
48|48.62
99|90.03
40|24.68
87|37.43
59|63.88
84|16.22
75|72.12
93|13.45
0|06.68
8|95.30
8|62.56
95|11.24
86|41.14
60|47.99
32|55.13
81|55.98
58|84.44
76|85.59
64|94.44
72|17.60
33|04.46
17|73.44
15|24.54
4|52.18
89|58.21
17|46.07
65|27.68
60|47.42
66|58.46
97|73.07
8|90.44
56|33.33
43|66.97
73|60.58
30|37.38
31|11.69
14|78.99
95|70.87
7|40.15
90|19.88
92|79.77
70|08.00
15|29.03
27|20.94
14|50.83
68|10.82
76|83.72
91|10.97
86|21.34
53|54.05
68|22.34
58|34.99
21|55.47
67|70.83
95|68.23
13|02.04
19|11.17
30|30.94
17|02.43
43|02.04
38|57.47
81|25.25
61|52.84
12|82.45
18|22.60
93|83.58
32|80.18
16|77.75
91|49.30
32|67.50
35|58.94
35|11.19
51|42.43
54|46.94
44|23.89
59|48.25
58|70.39
92|87.02
57|35.54
69|82.84
68|98.78
42|34.92
83|03.03
35|99.55
4|43.52
78|19.19
38|67.53
10|68.91
68|69.79
81|96.96
63|30.13
63|46.83
33|21.40
40|22.27
29|45.27
68|17.94
88|62.22
38|43.21
62|04.07
19|80.59
92|31.67
50|67.86
37|42.15
50|26.10
80|30.55
73|63.39
1|77.80
65|48.70
80|10.05
6|56.95
3|31.44
29|92.48
90|95.23
14|35.27
47|28.52
28|56.88
25|67.55
65|49.44
45|29.27
71|12.63
51|99.10
0|97.83
70|79.79
37|21.49
65|12.24
11|39.52
40|71.26
46|24.31
16|80.55
89|09.05
72|91.99
1|38.10
61|77.38
48|26.98
10|69.48
93|60.28
88|27.38
97|22.16
60|06.42
6|67.19
10|80.06
31|74.51
11|43.53
7|22.07
24|60.38
21|24.41
25|81.87
84|33.84
55|30.62
78|39.92
10|32.27
2|79.93
65|26.34
38|59.20
71|13.61
6|18.66
0|48.25
