45|33.80
66|83.94
35|79.47
56|81.99
12|17.13
40|88.55
71|64.95
15|32.50
94|96.87
83|67.97
40|72.72
85|85.72
36|45.26
47|85.44
33|37.45
94|07.98
30|94.82
14|71.77
71|11.05
85|21.81
84|63.23
63|35.54
51|29.08
16|25.71
40|38.05
59|01.98
7|13.80
9|02.34
28|93.09
4|53.02
62|46.29
61|64.06
29|72.71
26|09.88
78|29.91
31|99.53
94|52.12
7|30.19
85|40.52
65|79.09
62|42.76
84|57.35
37|06.43
30|45.49
1|68.62
46|34.92
93|85.24
27|60.56
38|26.10
95|00.13
73|94.16
41|00.12
73|53.02
23|38.30
73|41.52
55|19.94
99|84.44
10|81.25
47|32.81
43|80.11
14|17.24
34|16.39
14|33.00
31|43.05
98|93.65
12|19.72
26|78.82
2|73.14
65|84.54
39|75.84
84|80.24
31|87.70
62|57.36
85|85.67
45|94.94
44|35.61
28|21.66
59|53.03
18|50.24
12|22.30
15|46.81
65|91.76
17|00.36
87|63.52
35|63.94
36|38.55
8|74.38
64|48.66
68|33.33
85|95.95
30|28.79
61|01.72
80|39.88
89|11.18
27|68.98
32|85.16
83|87.31
86|30.67
62|07.37
53|42.67
40|52.75
11|51.72
98|88.70
85|91.59
78|90.88
2|11.33
46|64.07
3|89.28
44|26.17
7|24.32
32|75.54
81|97.89
14|89.10
52|84.79
78|90.48
6|83.87
59|39.72
25|99.21
18|61.02
56|27.20
48|08.11
63|44.72
41|07.95
29|89.99
72|45.92
83|64.57
99|66.26
51|87.58
56|45.29
61|25.72
52|26.22
60|31.99
7|26.45
13|17.42
58|71.30
46|29.20
11|13.99
96|11.65
23|31.50
64|25.68
93|84.84
38|28.65
95|82.87
73|36.33
13|38.75
56|49.80
35|80.07
15|72.99
26|16.03
93|33.26
92|24.07
22|84.68
55|38.38
90|20.88
57|93.52
42|04.29
18|89.89
40|91.66
86|58.97
95|80.01
90|84.16
67|39.36
14|49.78
85|59.58
46|88.03
63|39.57
39|39.86
87|34.95
82|70.76
37|07.95
38|51.85
41|55.01
40|86.28
13|51.69
54|70.22
35|14.92
48|85.45
74|06.74
32|61.26
39|07.11
19|03.05
65|29.89
65|23.91
72|55.13
72|72.85
79|05.71
55|91.47
90|47.49
64|57.24
23|65.78
67|60.34
3|95.62
55|17.63
76|45.12
73|90.41
40|45.46
76|64.54
78|43.42
67|83.62
82|26.54
27|96.72
16|94.19
18|24.37
19|58.78
68|97.68
98|69.83
96|10.44
27|37.82
57|29.46
50|64.26
3|06.03
70|59.94
18|87.64
17|71.27
66|82.22
76|43.99
63|48.27
69|38.73
31|84.61
64|38.73
75|31.10
61|13.50
87|93.18
17|62.20
70|04.35
88|11.04
31|56.43
33|63.35
59|91.04
30|77.89
64|85.86
31|80.76
36|92.02
13|35.75
14|61.88
23|47.12
33|97.82
19|68.58
43|63.46
48|97.71
58|85.81
73|74.38
74|44.00
62|46.83
80|45.38
96|29.71
91|43.17
16|73.94
72|50.07
41|85.14
50|52.10
1|45.21
60|80.22
36|08.61
47|07.79
91|74.98
64|13.47
21|81.66
90|91.13
4|10.82
56|01.06
24|15.22
51|29.31
93|86.97
78|66.26
63|11.81
65|06.37
31|06.35
29|62.17
58|53.59
98|17.21
21|97.52
45|75.47
12|31.90
54|15.65
93|17.11
61|99.69
75|34.32
33|12.04
75|89.35
12|67.68
12|68.83
17|68.53
71|16.66
47|99.30
60|10.68
74|34.14
52|30.17
87|06.92
45|83.57
8|11.34
16|16.44
53|84.53
26|93.63
6|65.29
52|19.20
68|76.79
71|04.23
9|22.99
83|77.79
7|51.16
5|96.21
79|80.04
14|87.58
97|08.29
8|24.14
47|56.52
32|71.07
17|30.85
57|72.42
97|04.20
89|10.77
7|01.11
40|44.98
50|71.69
83|34.88
91|87.57
42|54.00
77|75.64
82|88.35
80|81.97
3|67.34
28|21.22
75|57.66
67|70.42
52|57.61
68|16.36
5|76.58
12|90.82
19|08.91
49|83.81
51|26.83
40|80.56
56|84.21
3|98.38
75|75.33
20|35.14
34|77.24
66|21.89
35|55.72
3|34.28
69|95.15
47|94.41
39|51.03
33|63.96
43|29.42
13|54.00
72|35.43
53|87.69
1|70.37
54|40.13
71|45.88
17|60.53
96|90.11
3|63.74
20|51.62
57|54.31
24|88.57
57|34.50
46|31.79
47|40.79
50|71.19
41|28.52
15|65.23
38|38.94
89|02.53
37|44.41
62|03.48
85|67.27
35|38.23
18|58.82
57|99.81
37|87.28
60|60.87
73|90.09
98|74.62
8|93.29
18|66.82
41|16.86
20|06.67
12|28.22
56|54.67
58|68.50
49|06.96
45|23.54
71|62.33
33|77.50
13|78.67
60|95.97
6|46.29
63|10.98
45|65.33
83|58.50
64|29.83
51|55.23
62|60.55
24|56.95
36|86.81
55|71.33
3|99.16
33|93.49
82|63.01
52|49.77
7|04.43
27|66.74
46|96.57
72|27.40
70|37.56
28|70.53
5|11.26
10|26.83
70|04.23
11|99.98
2|67.21
73|78.22
81|88.53
46|35.94
56|58.98
31|01.53
96|88.94
58|85.96
40|20.65
29|89.82
86|20.62
19|49.15
32|67.23
80|35.80
27|11.46
46|96.98
44|57.51
56|16.79
98|41.31
77|86.44
69|33.32
80|23.49
8|00.56
72|00.21
58|41.83
80|55.33
96|00.03
92|90.67
18|67.75
21|53.70
60|08.77
79|68.12
33|24.08
6|41.21
47|44.76
43|31.94
83|95.79
78|19.14
6|03.37
79|87.12
61|05.87
79|91.71
40|50.07
2|76.54
20|95.03
61|34.58
67|28.71
55|79.99
28|31.08
20|63.63
70|21.94
98|70.44
86|71.70
33|62.65
54|56.17
34|23.05
97|67.01
71|26.51
93|45.06
62|50.73
18|54.26
60|97.94
16|09.48
91|87.26
90|70.98
0|48.38
20|74.06
94|55.44
6|44.61
36|97.36
10|70.69
27|77.12
78|33.69
38|17.18
83|38.74
41|66.51
8|84.13
1|16.38
0|59.49
15|21.53
79|25.27
34|25.49
75|35.64
71|68.03
56|11.10
3|73.53
59|79.26
18|13.12
22|03.27
32|61.54
20|19.50
22|11.64
3|64.94
13|13.31
18|73.27
69|17.94
4|70.99
18|14.83
27|57.85
73|38.53
21|99.97
26|03.96
59|22.56
84|50.70
81|98.58
1|95.76
45|08.81
30|75.11
33|96.86
52|79.04
37|91.44
12|74.90
64|79.97
53|62.25
67|76.04
71|59.00
86|21.87
50|18.60
1|73.44
63|34.47
65|40.62
20|38.14
62|32.27
89|50.00
69|56.71
15|54.82
6|19.31
59|09.60
98|55.39
22|62.70
45|29.67
15|63.85
72|05.64
79|79.82
39|42.25
88|90.46
62|73.00
87|92.41
32|14.12
62|58.59
42|64.21
63|90.38
8|62.99
72|98.58
31|50.84
22|99.85
25|65.84
9|76.09
67|56.06
22|97.55
45|34.33
44|09.56
46|98.37
71|75.17
71|94.15
26|08.80
23|20.11
53|74.95
85|03.38
55|15.13
94|77.43
17|56.97
47|86.80
54|52.77
94|57.22
46|54.30
36|91.00
0|91.62
16|54.62
98|94.71
29|64.15
36|00.61
56|05.78
90|16.77
12|52.13
18|09.88
4|97.82
6|76.71
32|10.85
32|81.24
9|67.33
1|77.01
96|68.19
68|55.10
84|07.13
67|79.96
11|72.14
52|71.45
18|72.71
76|60.81
66|28.48
18|59.91
39|64.68
81|12.50
69|74.06
7|98.65
56|49.43
59|62.47
42|92.43
16|04.91
64|25.61
87|08.06
86|92.89
58|04.47
67|79.41
69|62.84
33|24.32
72|60.17
18|72.61
61|49.56
28|72.44
32|07.86
85|76.26
16|79.95
75|83.08
64|85.22
67|48.16
35|79.69
82|54.97
13|99.08
27|90.45
91|82.93
88|12.93
97|28.48
92|16.97
78|62.23
68|67.05
60|72.76
80|93.10
54|42.59
18|63.36
54|50.63
38|58.05
15|05.34
40|17.38
48|72.20
23|13.62
97|44.32
20|38.63
10|83.56
13|92.29
59|40.20
77|89.56
84|58.43
15|49.05
86|46.25
79|79.24
42|26.23
90|10.08
90|74.54
29|60.93
40|61.62
25|32.20
36|21.08
5|73.87
94|01.26
62|75.11
17|54.61
45|80.31
83|64.97
27|49.06
52|85.92
26|15.87
8|90.97
9|72.70
85|28.21
34|77.20
42|45.88
53|48.48
5|13.45
1|29.54
84|37.82
31|25.03
80|10.80
36|10.46
29|96.33
91|92.86
21|19.17
1|10.98
22|63.69
89|59.13
10|02.92
94|49.23
71|48.05
24|23.18
46|63.18
75|86.01
83|47.24
89|35.73
99|00.25
63|45.61
74|25.97
40|16.92
20|27.12
87|83.80
39|44.40
93|11.25
69|44.54
76|27.45
36|52.27
93|54.98
18|75.12
56|10.54
59|01.44
45|97.36
58|41.98
13|12.14
89|85.48
34|27.66
76|11.07
57|62.89
57|70.59
24|05.89
75|84.93
57|95.79
40|58.25
22|19.06
45|57.39
85|51.66
35|36.36
27|26.84
29|74.55
94|98.54
71|11.47
4|53.90
4|90.33
86|52.73
96|58.78
12|90.04
72|72.04
10|25.41
33|43.43
86|61.54
60|85.13
49|89.13
24|89.51
3|11.04
13|75.18
91|30.99
76|23.29
32|79.63
63|47.40
38|67.76
58|19.63
95|98.21
32|94.05
2|27.23
80|48.59
45|33.72
48|31.95
71|93.53
48|41.11
34|56.58
54|45.58
66|94.67
70|11.24
3|88.17
98|60.32
71|59.13
46|41.06
40|66.25
61|30.85
41|62.85
35|65.27
33|92.88
70|35.86
68|71.81
40|20.02
83|20.28
65|66.52
62|85.20
67|69.20
66|40.42
46|00.17
66|41.30
29|67.18
94|37.82
49|74.34
8|99.24
24|22.14
8|82.99
25|80.44
59|82.84
61|63.31
72|17.66
19|23.37
4|65.71
66|19.80
93|53.32
58|75.55
99|64.73
6|85.51
78|68.55
30|36.88
77|75.59
52|67.37
4|68.87
27|16.28
58|79.27
85|87.70
16|66.18
13|18.16
24|22.21
65|11.77
45|36.62
1|66.81
27|84.96
45|29.24
97|80.37
62|45.67
65|91.01
92|11.67
79|33.19
35|45.12
1|77.04
76|28.15
45|36.53
91|82.88
89|66.25
35|06.52
16|31.01
67|65.66
38|47.49
70|69.96
77|61.80
62|29.57
50|61.28
68|32.69
92|78.73
9|10.68
55|19.60
74|68.22
31|44.14
16|07.31
41|81.00
60|09.66
17|93.01
19|03.96
18|59.81
24|16.04
81|52.71
47|51.09
90|98.69
6|37.19
43|60.86
80|53.78
21|86.84
3|29.21
25|76.58
44|20.69
7|63.56
30|58.04
87|68.82
60|72.22
90|17.18
92|69.91
43|71.34
17|45.69
94|39.26
31|67.61
87|65.11
93|27.14
57|30.50
67|10.33
36|91.06
50|25.76
35|99.37
16|07.31
1|36.09
19|85.65
62|85.13
45|88.17
33|45.07
42|96.95
88|78.65
23|90.09
75|52.76
69|89.98
99|54.18
11|76.10
46|46.12
97|39.99
14|35.52
54|11.17
23|05.95
78|17.90
87|16.69
39|12.42
86|76.04
68|25.99
22|80.31
38|89.89
28|43.61
4|96.14
97|07.41
96|84.62
88|08.13
49|40.88
92|69.14
24|23.75
20|34.49
52|65.03
64|80.10
83|71.45
73|47.86
96|18.87
13|12.97
85|25.50
15|53.93
22|77.32
44|96.70
55|57.05
84|66.73
93|61.74
17|63.79
14|92.78
15|89.35
73|38.56
11|22.77
82|30.60
56|44.98
11|75.15
58|50.77
46|55.64
97|94.36
38|71.02
15|69.94
5|67.00
45|33.64
9|52.28
76|42.44
78|88.44
62|49.86
90|31.27
65|07.85
45|40.42
68|40.96
65|73.76
19|91.98
50|53.48
61|77.41
7|66.00
54|74.60
83|97.15
46|03.95
51|41.88
56|49.73
77|60.66
83|20.96
63|83.77
46|94.49
52|90.10
69|89.50
94|09.54
13|38.39
40|66.74
35|91.16
8|38.51
37|36.14
11|51.94
24|30.91
87|18.27
23|44.56
7|99.12
68|04.29
20|26.12
90|81.07
11|11.54
35|06.16
78|30.54
88|85.10
36|61.93
0|53.13
28|09.88
10|44.63
47|74.07
64|87.60
19|62.27
59|49.82
60|68.29
46|31.09
95|19.96
75|59.07
58|65.24
97|47.09
30|39.46
60|80.41
