24|67.58
14|33.32
50|43.72
95|08.66
2|21.96
59|82.79
15|56.06
20|77.10
84|73.89
7|35.18
29|73.51
58|44.32
33|08.41
71|64.02
11|91.03
83|64.86
52|98.96
65|94.33
88|61.99
24|31.41
5|21.95
32|83.99
3|65.93
51|81.87
54|22.58
63|48.32
39|31.29
42|44.86
94|31.86
81|87.34
74|98.81
56|56.02
18|86.72
72|02.34
75|74.53
26|96.74
0|30.18
90|42.38
0|95.92
37|44.43
74|00.88
48|24.14
20|70.07
76|62.00
13|96.91
24|22.86
97|70.14
84|57.99
56|07.64
49|48.12
66|26.31
32|36.91
96|52.25
8|68.18
75|82.26
66|17.88
57|75.74
20|17.19
20|08.87
45|43.97
78|67.79
40|27.20
32|28.82
37|73.43
71|16.23
88|51.65
90|28.37
58|61.49
91|88.57
31|30.83
15|42.43
18|23.57
29|42.75
40|71.08
34|95.68
21|14.14
18|32.59
31|26.43
87|69.53
82|17.22
56|75.04
47|29.55
39|45.58
27|73.01
71|24.30
63|89.68
92|45.22
2|47.47
17|72.08
92|27.77
63|51.04
2|12.85
13|83.77
16|82.04
0|76.51
14|01.66
63|70.36
55|30.14
85|18.07
69|64.89
94|53.07
0|54.93
26|82.22
10|23.35
54|92.51
64|38.17
36|36.98
84|17.67
32|83.07
93|94.20
2|57.16
43|89.36
25|11.64
46|85.46
21|34.54
69|49.99
40|51.59
33|72.20
3|58.30
33|10.84
42|18.78
37|41.63
57|03.82
29|85.00
34|85.69
56|14.36
20|82.04
6|84.14
36|07.20
98|11.94
73|47.88
19|20.01
81|99.76
21|73.57
93|11.24
51|27.91
57|75.44
70|18.69
73|46.93
50|89.95
37|86.02
37|95.92
6|13.37
55|06.43
0|65.62
34|95.64
32|41.01
59|91.92
47|84.54
5|42.97
62|36.34
97|49.63
17|80.71
88|32.55
75|11.74
94|07.77
6|67.71
32|40.59
55|71.47
18|79.20
81|40.62
26|40.61
12|91.03
19|50.19
61|26.87
66|56.89
35|76.14
8|45.54
40|46.96
19|04.79
31|75.73
90|84.36
68|23.56
16|49.63
77|95.48
93|01.77
99|69.93
76|08.21
18|19.69
7|02.12
81|74.01
83|08.19
2|29.97
47|82.99
63|40.16
26|44.54
16|56.79
3|46.74
53|30.18
95|79.73
8|89.20
2|19.36
7|82.89
8|78.81
31|76.61
39|96.43
2|46.32
26|43.28
10|50.83
59|32.63
49|31.42
95|05.72
42|10.08
68|88.21
80|91.33
62|46.32
73|66.01
44|42.03
93|75.10
80|48.80
93|68.89
10|74.61
73|52.75
11|79.52
38|28.52
13|23.86
88|49.04
16|51.93
26|77.02
80|22.17
9|25.80
51|22.36
31|83.16
89|64.53
4|43.97
44|89.43
6|36.93
31|47.29
73|58.51
25|93.52
79|55.10
94|04.64
85|15.32
23|76.41
25|46.52
40|69.98
68|13.52
66|10.10
96|08.11
79|72.02
39|68.10
29|71.91
45|26.20
5|72.90
6|11.17
95|35.20
83|94.66
34|55.48
0|57.79
43|82.96
5|77.53
8|05.04
27|49.98
46|81.53
35|51.52
12|68.55
87|47.40
59|98.77
56|35.67
62|07.50
36|77.51
70|92.16
22|91.85
1|82.12
33|90.41
34|23.46
81|59.71
8|05.80
93|45.66
57|69.08
36|63.10
91|23.97
40|62.41
87|05.92
81|90.52
91|16.16
59|02.82
9|46.67
22|47.68
40|10.16
30|47.21
92|37.79
17|44.77
22|71.27
22|39.04
74|68.55
82|78.51
91|55.29
45|78.55
48|86.40
96|42.37
96|14.93
13|71.15
70|70.38
34|06.25
83|10.53
35|24.81
65|12.52
16|86.46
72|92.70
3|96.42
10|96.05
81|58.84
12|00.68
18|34.81
10|14.51
99|06.47
85|32.11
30|79.69
23|47.78
24|88.45
80|47.59
13|38.96
25|49.10
0|59.38
49|64.77
46|32.07
31|53.47
83|74.83
20|84.46
82|14.34
12|41.02
40|37.41
87|18.94
71|52.02
67|44.22
28|63.97
46|06.38
56|24.49
98|55.50
56|29.36
5|58.93
72|18.63
22|24.38
24|43.74
77|20.52
1|64.15
65|67.95
94|54.69
43|89.89
4|07.79
39|19.22
71|93.46
9|53.78
40|55.53
70|63.53
63|35.95
91|65.73
84|57.34
75|89.46
58|98.50
57|18.64
97|06.48
11|73.35
44|62.78
21|64.20
8|06.38
2|15.19
8|52.39
97|07.00
69|26.18
53|22.20
94|39.40
41|10.67
89|50.73
11|54.59
41|24.95
30|63.97
35|56.51
71|74.68
79|25.47
38|85.90
84|79.45
36|38.36
82|40.36
22|92.46
77|29.66
7|03.18
76|70.02
65|00.25
39|86.62
44|55.76
90|34.69
10|52.09
32|29.39
98|89.56
49|15.58
2|34.33
69|30.57
83|65.91
89|78.25
65|87.41
64|09.70
34|68.74
92|17.67
44|22.83
16|85.13
5|31.99
99|37.73
60|76.99
35|88.81
22|18.83
1|10.60
65|46.04
44|02.58
71|23.83
69|19.02
98|94.26
16|81.66
40|00.79
77|96.20
26|73.98
36|00.09
43|27.91
76|41.24
47|01.21
72|81.87
89|09.49
48|75.92
36|39.11
26|86.68
1|87.70
16|38.00
78|18.85
17|09.32
43|96.66
6|66.44
36|46.96
43|49.99
64|50.42
74|51.88
59|60.38
55|03.45
60|35.74
37|80.81
99|75.75
46|63.59
48|55.13
10|85.20
43|57.86
82|65.65
5|42.91
23|56.77
88|98.62
67|64.27
32|22.77
61|20.54
46|24.13
96|07.00
87|37.09
90|42.36
87|11.84
88|23.24
23|92.85
44|53.10
13|57.12
54|15.11
60|31.41
42|40.27
71|17.67
53|32.15
96|14.20
85|11.05
85|73.21
41|07.40
71|89.84
9|61.00
86|12.90
96|77.40
39|96.13
54|37.38
43|14.68
99|91.08
37|39.79
30|86.87
46|79.65
90|38.34
34|35.12
49|02.18
53|44.72
91|34.91
70|48.58
62|89.31
51|06.16
52|29.10
55|55.34
4|87.97
51|26.10
13|01.15
75|52.73
1|11.83
18|32.10
7|03.95
70|28.54
5|40.77
97|82.17
25|57.50
69|44.34
16|49.98
74|00.68
39|84.85
84|03.36
74|54.26
41|12.04
11|20.69
60|42.66
67|72.80
69|57.23
71|91.65
86|09.12
39|67.56
8|46.08
35|33.63
98|50.95
29|41.11
7|06.54
31|75.57
93|79.73
1|32.71
74|21.54
11|64.18
52|13.82
83|35.02
23|30.83
42|07.56
21|41.70
74|27.31
76|06.30
18|06.19
55|24.11
76|12.20
72|76.32
2|49.44
97|41.72
7|33.91
71|92.76
79|77.38
2|55.92
88|77.40
7|14.60
77|52.92
91|60.55
2|95.52
42|62.48
3|84.32
41|22.83
39|42.05
5|52.94
85|72.84
83|16.15
61|81.28
10|67.82
94|64.84
64|55.47
28|31.27
96|21.24
76|26.70
36|33.96
6|89.81
44|53.90
53|89.63
50|69.25
83|54.47
17|74.27
8|52.69
85|71.04
68|90.85
39|06.49
5|70.55
26|08.77
16|19.92
98|34.41
95|27.42
82|49.51
62|33.28
38|70.28
94|23.26
89|73.22
97|66.15
15|30.82
46|22.98
46|52.24
16|87.05
84|42.14
95|99.87
60|71.54
33|51.06
38|46.34
91|69.62
83|34.78
49|38.65
89|15.84
99|75.69
96|24.51
38|11.63
24|11.47
84|13.52
30|86.72
45|01.37
76|10.05
78|53.43
0|79.62
73|72.13
88|53.83
80|81.87
1|34.87
58|57.79
13|89.69
52|52.46
37|16.69
78|67.45
85|92.41
68|84.06
58|78.26
34|60.83
75|79.96
68|04.45
38|68.01
28|44.31
49|75.00
76|02.30
10|74.16
19|82.92
89|35.03
22|76.08
5|85.35
27|35.12
9|83.41
38|87.35
53|93.67
30|11.51
97|70.80
69|36.98
69|99.67
39|82.01
36|92.61
52|88.84
64|65.80
96|31.27
55|64.17
24|51.32
88|56.47
1|19.33
43|93.93
73|84.19
18|38.92
51|68.34
53|15.82
40|92.59
71|90.79
18|11.90
10|65.00
4|41.46
37|72.61
6|27.65
67|28.88
82|18.58
13|54.60
63|72.97
69|44.93
38|22.26
77|38.86
36|03.20
97|01.76
44|57.46
67|57.97
86|73.50
4|01.40
96|58.18
20|27.84
70|70.01
78|17.76
14|82.40
90|33.83
6|52.85
30|51.10
84|82.57
42|73.33
42|37.10
97|76.52
10|90.40
43|02.28
29|34.30
47|86.70
55|80.49
94|68.82
97|79.49
0|59.09
16|21.43
25|54.03
36|15.40
38|15.99
53|99.01
93|44.96
39|76.86
56|17.28
81|03.39
31|22.53
93|78.01
12|78.51
71|30.18
72|05.34
19|36.68
13|91.80
48|69.23
41|54.57
75|97.67
0|05.25
5|88.17
60|91.44
72|84.77
69|84.97
8|03.09
4|54.63
72|15.15
74|62.25
14|65.37
71|12.21
85|06.15
75|96.39
20|85.12
41|00.01
95|03.39
10|52.37
42|48.61
90|52.51
47|32.30
72|01.09
94|34.67
47|11.53
26|39.42
47|09.30
96|33.13
50|71.95
31|56.94
65|98.39
42|58.49
25|07.12
11|82.42
13|19.89
64|25.96
43|02.41
52|68.82
3|47.65
1|46.54
46|06.87
29|99.54
91|81.56
42|47.22
93|76.40
67|16.30
28|15.97
89|44.30
8|28.04
90|86.59
17|57.72
6|18.74
36|61.56
42|05.23
75|73.41
22|59.65
4|40.63
75|20.01
17|21.03
79|66.31
22|08.08
38|45.42
69|78.57
37|03.03
57|71.86
13|81.44
1|80.85
47|75.72
57|77.77
59|66.68
84|10.46
0|78.86
44|98.20
77|58.94
59|70.32
74|21.53
73|20.26
18|10.87
3|17.30
73|26.83
86|67.33
25|54.39
63|47.03
10|04.51
45|12.01
38|05.79
52|40.46
45|17.51
84|67.84
40|91.71
86|51.39
72|01.40
56|85.95
35|27.91
44|61.88
27|13.56
21|53.23
38|98.72
88|94.09
20|31.41
3|85.25
2|56.39
84|42.50
66|79.09
78|93.05
64|34.65
26|59.38
53|88.11
64|62.14
5|90.45
63|55.12
56|22.24
91|85.85
88|57.69
71|02.18
54|33.33
13|08.15
35|61.40
74|08.10
51|43.14
35|46.26
17|23.32
22|56.31
82|04.77
77|17.32
38|82.11
69|08.01
16|70.29
98|24.15
6|71.58
23|95.75
20|02.17
15|24.62
97|16.46
63|55.99
2|52.68
36|33.20
97|05.47
75|73.69
13|13.56
80|41.13
70|69.37
83|71.16
49|86.56
31|86.12
59|44.97
67|70.80
68|36.30
23|60.40
30|65.03
36|22.31
2|74.29
85|86.23
87|44.73
17|68.75
26|58.05
22|65.27
94|23.03
19|56.87
69|90.96
35|65.73
66|26.55
25|29.17
42|00.75
42|28.61
56|37.04
97|89.46
47|21.20
30|17.25
44|58.46
38|97.74
39|57.20
82|42.47
3|04.11
23|09.52
35|83.56
58|72.26
71|16.67
86|96.14
88|11.50
8|64.64
88|26.53
39|36.42
87|72.66
16|79.40
81|25.95
91|40.22
84|28.22
48|50.21
66|53.83
64|30.14
13|12.77
55|98.16
53|48.46
51|88.88
12|25.92
26|61.55
43|91.05
93|58.66
85|75.15
36|53.43
73|39.78
16|47.51
41|10.45
67|72.69
9|25.32
88|70.21
8|63.85
4|22.40
27|28.01
30|80.41
88|31.27
52|27.66
4|00.46
99|68.06
4|78.28
38|66.20
77|34.78
65|95.67
53|75.70
36|33.86
21|55.36
23|25.46
54|47.66
71|17.11
43|41.88
13|27.05
85|91.63
53|01.82
75|22.66
89|52.98
26|03.41
13|07.62
76|78.68
61|21.17
17|37.32
31|30.96
44|38.81
83|96.22
78|25.40
59|93.32
62|12.00
85|70.25
87|64.05
36|62.62
66|27.78
50|12.46
98|58.20
72|36.04
26|83.46
34|42.48
21|74.36
47|53.52
11|30.40
47|11.43
23|04.48
71|03.57
0|79.69
97|50.96
41|81.49
69|26.12
9|27.66
1|40.98
96|92.39
88|81.45
79|87.48
68|55.57
49|05.56
77|03.88
9|40.94
99|80.58
22|79.73
97|18.70
78|08.34
28|44.37
34|84.41
58|04.07
64|29.46
53|03.05
32|14.55
98|97.26
40|00.16
4|52.56
59|04.88
40|46.39
29|29.05
12|31.41
41|64.44
73|60.76
30|59.61
75|35.41
53|08.38
81|47.52
14|64.21
69|49.37
