83|15.00
47|50.91
22|76.74
70|64.70
0|99.78
15|44.61
69|92.83
55|81.24
42|07.56
40|53.62
7|15.31
93|12.02
71|90.46
78|36.77
41|03.79
50|82.92
83|78.42
67|87.72
32|22.50
44|65.24
18|60.44
92|00.97
67|60.88
95|46.12
52|31.84
82|04.99
87|07.24
28|76.30
35|31.37
32|59.74
23|37.06
51|71.45
18|46.41
2|93.29
87|66.59
77|53.96
80|19.59
83|84.55
82|43.21
88|89.32
62|37.82
48|51.18
50|53.01
77|57.69
35|90.85
32|64.63
84|98.68
31|87.56
57|36.37
35|32.85
71|65.70
23|45.93
45|98.10
69|98.84
16|98.01
28|08.92
84|86.73
51|51.60
93|72.82
66|13.12
98|94.80
36|22.35
61|23.25
83|63.00
29|70.61
50|69.07
48|26.68
89|97.78
30|90.49
74|78.24
31|63.13
0|93.20
68|84.29
95|35.34
14|91.92
25|59.55
4|84.62
54|58.95
67|56.35
64|10.75
83|30.89
42|11.73
75|84.86
25|52.38
34|63.79
19|52.88
61|98.26
30|93.86
10|57.86
37|65.47
81|69.68
55|89.68
29|70.55
91|20.44
1|89.21
29|03.89
58|37.95
46|37.38
23|75.61
80|92.06
98|56.68
45|26.65
12|61.69
97|13.43
12|52.72
92|88.29
87|97.22
7|12.32
49|82.74
53|88.81
71|02.98
27|47.74
71|42.71
32|39.11
79|21.27
78|88.62
23|80.04
80|76.04
27|97.72
52|37.45
26|72.71
84|66.68
28|72.88
12|16.94
13|67.78
67|30.68
20|72.71
11|84.70
93|36.20
32|15.45
52|42.27
1|34.20
24|32.56
53|35.24
13|42.87
14|43.28
69|02.79
60|52.29
33|68.83
45|78.93
29|34.27
57|40.17
34|64.22
45|72.60
11|74.68
99|70.47
79|98.26
7|55.72
95|75.81
50|90.23
23|28.30
2|40.39
82|32.24
39|84.76
84|87.45
65|16.70
14|86.35
38|95.57
72|21.01
45|04.76
85|72.72
70|80.28
24|38.25
43|92.84
49|26.66
76|49.46
37|78.74
44|64.40
82|30.78
73|90.38
88|26.73
25|74.50
3|13.25
23|47.60
61|57.57
8|93.03
53|62.97
50|05.69
54|30.80
52|10.16
37|25.24
45|78.49
46|35.36
32|20.47
90|79.62
57|42.50
65|27.66
48|32.52
15|74.38
18|02.63
79|28.98
57|84.21
62|07.73
73|90.39
66|42.40
71|66.08
99|73.11
11|89.84
62|35.16
70|30.28
6|63.52
59|56.88
48|66.01
83|25.81
34|70.67
91|02.77
50|25.12
35|33.71
43|82.92
15|83.27
94|76.80
1|72.04
2|74.42
83|67.04
50|54.09
8|35.83
63|47.80
56|73.82
50|86.36
64|04.50
24|53.96
71|54.85
19|85.27
45|24.17
83|16.24
60|16.66
28|15.13
82|24.24
70|91.41
79|68.75
80|11.06
29|30.43
50|71.03
20|22.47
40|90.38
55|77.15
25|51.65
76|13.93
2|92.48
19|29.50
28|12.09
9|28.53
96|37.05
11|15.26
0|54.65
15|83.20
4|88.80
24|26.71
22|83.58
22|31.77
88|51.15
72|38.90
65|40.87
2|20.48
90|74.89
5|46.07
83|27.88
40|07.77
80|64.93
36|99.35
45|50.82
62|26.05
62|76.39
53|65.32
54|65.01
1|49.83
10|64.86
85|76.68
38|16.54
90|92.58
77|08.64
91|01.94
68|84.11
26|48.60
32|51.64
7|47.09
2|86.36
1|07.63
69|51.66
35|08.37
70|92.92
82|65.81
34|31.77
81|83.63
18|80.13
36|44.25
10|62.28
78|68.18
88|44.33
62|13.48
20|78.41
89|47.34
52|65.37
62|11.01
82|23.50
58|69.97
56|99.97
97|37.18
91|45.64
94|40.27
22|93.17
64|22.18
66|24.01
64|02.88
48|32.79
71|02.11
98|47.88
18|62.10
86|73.56
62|92.64
76|96.57
10|65.57
18|46.82
15|08.60
50|25.95
37|11.91
44|92.54
0|70.81
62|67.71
15|99.85
30|18.43
95|81.41
70|39.92
83|84.07
95|02.27
26|62.81
25|65.69
13|00.29
70|78.59
11|83.56
12|86.66
11|86.98
39|75.27
58|14.03
71|26.14
79|03.39
42|08.18
88|81.73
60|31.50
98|09.42
68|61.63
86|55.29
68|03.60
6|20.94
21|83.45
15|15.86
76|73.30
9|30.04
65|81.20
50|93.35
91|90.24
93|22.61
65|92.02
46|07.73
59|63.21
33|06.95
91|96.86
56|89.01
22|19.83
7|06.96
33|33.31
39|12.57
79|25.37
31|15.23
7|87.56
81|84.22
94|46.87
95|67.10
40|44.52
40|76.38
55|79.16
8|67.76
30|04.25
77|19.53
59|12.64
5|37.24
35|50.53
38|14.31
27|11.66
83|51.59
67|06.25
15|78.21
70|08.03
12|62.83
52|77.89
0|18.86
59|30.69
52|00.66
34|50.64
81|40.78
85|84.00
2|68.23
56|96.88
77|05.14
76|11.46
50|08.04
78|12.07
64|85.78
12|25.37
81|17.35
33|91.66
6|54.95
36|66.68
20|18.39
45|59.96
85|48.09
10|29.54
85|30.36
81|72.81
61|80.59
32|95.30
55|00.83
83|95.80
9|94.50
46|29.98
11|57.38
83|61.66
76|04.15
98|35.98
49|27.59
79|31.65
30|55.57
68|76.34
53|29.70
28|85.24
11|50.02
26|18.76
67|10.08
59|11.15
37|00.61
27|62.02
5|41.18
67|96.07
66|99.82
98|98.69
83|71.51
92|97.28
53|77.10
35|00.20
59|46.50
88|54.08
72|41.22
62|89.09
13|16.26
11|20.41
72|51.30
6|40.32
3|00.49
92|69.27
32|50.71
8|74.54
73|66.69
98|50.88
19|47.96
80|83.73
5|50.36
45|42.46
18|00.31
52|31.44
65|02.13
74|59.07
27|52.48
62|30.29
72|10.39
49|45.83
70|79.52
44|77.10
50|99.00
53|30.61
44|76.55
31|64.42
96|90.40
61|06.57
73|74.98
16|86.75
16|62.49
76|21.60
61|68.03
97|99.25
41|55.13
15|71.18
67|40.74
12|83.51
96|13.15
76|69.17
11|06.26
22|10.58
18|26.17
65|01.51
75|04.06
52|32.47
56|02.02
4|43.54
66|21.91
94|47.15
22|89.53
27|32.77
73|61.82
42|41.88
33|04.96
88|54.57
80|48.48
71|87.38
0|98.53
85|79.11
14|44.85
40|51.19
25|71.99
32|99.05
26|97.98
96|30.49
95|45.40
70|67.30
87|14.64
73|24.41
33|88.13
63|16.67
62|82.99
55|39.70
97|08.90
22|81.50
8|10.18
91|06.47
96|39.94
63|58.78
39|83.24
86|98.50
71|29.38
25|85.73
74|03.39
73|18.33
43|87.75
89|69.77
3|07.66
75|71.68
68|01.27
6|93.96
48|16.35
70|94.91
92|70.05
20|16.52
26|30.04
9|58.82
26|49.71
12|11.32
87|97.75
10|58.04
92|26.72
46|24.74
25|56.81
92|48.34
0|29.31
56|19.44
34|66.83
93|20.38
34|05.57
77|53.08
31|71.59
84|89.75
28|45.89
77|35.15
33|90.33
58|47.00
90|86.32
61|01.35
4|31.94
71|22.28
17|48.05
25|77.82
33|30.69
70|23.13
77|48.98
83|22.38
99|54.53
10|81.51
46|82.62
85|68.08
34|70.62
77|79.99
56|90.08
55|78.20
48|35.29
64|44.45
89|82.32
54|40.92
65|97.00
23|57.59
72|05.46
17|84.04
38|98.93
65|51.12
94|33.94
35|99.43
18|11.46
1|58.07
76|29.05
38|29.24
75|32.49
22|89.84
59|41.59
52|59.98
97|40.23
13|20.24
79|71.99
70|35.86
9|37.84
11|52.54
73|57.86
38|04.87
88|43.58
66|44.51
10|92.64
9|82.84
14|81.07
10|67.99
94|71.35
37|08.28
35|88.87
49|27.11
67|27.42
12|66.88
30|23.42
36|51.79
22|05.32
72|66.98
54|48.16
5|55.10
0|45.59
86|19.59
20|77.66
10|27.24
24|34.44
24|75.61
23|24.39
85|41.05
0|78.09
31|32.69
76|60.38
96|49.88
68|21.72
25|89.64
97|54.83
89|48.50
39|95.44
57|04.46
50|79.98
46|78.59
49|96.84
26|81.89
47|05.42
9|19.21
42|20.22
0|43.49
95|86.49
81|99.94
31|10.39
13|51.22
35|73.25
48|78.72
28|89.00
22|79.44
65|93.49
61|33.06
28|54.49
31|72.01
24|12.32
12|04.97
94|38.56
16|99.64
58|49.48
52|13.86
59|07.87
66|26.73
25|70.00
42|41.01
75|62.55
74|32.59
49|57.68
75|02.90
43|25.96
66|60.67
48|80.52
18|50.94
75|46.71
75|16.19
53|40.18
98|15.03
19|94.87
61|67.59
6|08.27
74|50.54
93|48.86
75|75.58
51|67.11
75|72.57
5|77.78
10|74.96
72|83.37
17|54.32
13|63.40
58|03.69
57|30.28
24|01.40
16|46.35
1|60.20
78|26.25
70|48.34
71|29.08
78|22.51
37|23.38
77|81.74
8|19.68
79|60.01
55|48.52
94|25.81
29|74.94
59|28.90
17|16.47
11|66.98
96|63.04
78|00.01
8|65.75
90|02.09
33|76.42
44|80.65
41|33.35
84|61.84
30|64.70
78|85.56
39|61.74
15|95.78
49|81.04
18|14.34
26|53.66
54|33.79
77|56.05
73|62.01
56|46.92
81|66.42
62|14.45
45|96.57
78|09.53
59|24.39
7|41.97
63|83.10
55|22.85
40|59.95
96|73.01
44|04.93
43|73.11
11|50.06
78|68.83
20|70.91
15|68.15
14|99.29
75|90.61
13|97.30
57|98.70
97|13.11
73|34.96
47|40.82
98|77.36
91|18.31
37|05.93
42|29.04
97|70.18
60|17.02
42|23.59
86|56.19
74|28.86
54|71.70
94|36.93
64|90.92
33|93.20
85|19.99
97|71.80
99|17.93
41|25.46
91|15.52
41|26.74
88|42.59
63|40.41
66|90.71
16|44.67
48|07.05
16|49.36
58|31.82
51|23.55
85|75.61
61|45.05
19|38.30
27|13.41
17|53.67
75|39.59
28|50.79
79|83.71
91|27.91
24|49.35
79|77.81
41|84.10
17|68.73
76|43.36
36|40.40
58|84.50
2|93.18
82|91.46
74|91.03
66|58.12
25|51.97
83|56.97
70|38.13
3|92.81
0|87.10
91|60.36
39|51.56
29|20.65
10|17.20
16|02.48
51|93.30
70|56.79
60|64.86
24|71.18
3|81.08
16|44.06
37|58.85
62|63.14
75|54.02
32|86.44
35|90.25
94|41.52
0|73.39
24|55.20
50|72.11
46|70.43
87|33.62
82|44.07
12|66.81
56|68.29
89|37.57
76|75.52
75|67.79
82|26.17
30|34.14
36|24.92
39|53.03
72|70.07
86|08.99
28|90.57
25|61.00
58|28.87
54|00.11
81|38.23
4|37.09
84|51.70
68|34.44
72|23.82
2|34.95
22|10.43
18|50.58
88|44.18
23|09.44
67|07.73
3|90.38
20|96.40
50|75.55
98|90.47
91|33.58
92|52.22
13|49.53
30|33.67
16|57.72
85|21.51
56|64.76
62|58.49
82|38.29
11|20.61
95|98.18
78|86.92
18|54.70
9|45.37
24|86.80
94|82.78
27|98.59
11|67.70
56|11.94
98|71.94
33|80.48
42|19.56
12|72.71
27|91.04
76|78.81
38|07.43
64|36.29
28|46.92
99|40.15
7|64.30
37|99.69
50|88.36
85|94.48
30|77.00
73|33.59
34|54.42
74|21.65
63|05.50
97|91.04
84|02.22
67|53.08
75|45.89
54|06.98
63|57.54
65|95.06
39|79.16
78|68.49
62|52.84
53|69.05
66|60.47
48|61.12
52|94.99
37|05.36
1|35.73
68|46.24
44|13.61
16|05.28
65|60.05
7|22.03
93|08.72
72|55.41
47|67.41
58|37.69
15|85.39
55|06.33
56|76.44
57|20.47
64|07.81
82|22.70
81|20.16
9|14.68
33|74.68
13|08.36
82|71.28
95|93.30
47|43.82
54|54.38
67|04.74
79|54.53
63|99.60
4|28.47
38|24.82
31|11.97
59|04.20
98|39.18
78|32.13
80|13.30
44|23.02
28|34.51
15|79.20
75|16.13
94|49.63
40|36.85
7|59.63
23|27.09
86|32.95
43|87.73
36|41.70
67|08.41
50|79.45
7|29.98
76|73.02
17|13.26
6|19.65
34|13.34
59|96.35
23|56.48
82|69.95
67|80.91
36|26.40
88|99.26
17|84.40
40|29.99
42|14.45
43|26.71
83|74.77
42|24.40
1|33.53
5|49.45
82|82.50
96|76.93
0|61.68
36|19.89
29|46.83
75|30.38
70|22.41
0|40.51
73|00.95
85|67.12
60|38.05
88|10.11
63|16.59
41|67.14
96|18.36
